"V1","V2","V3","V4","V5","V6","V7","V8","V9","V10","V11","V12","V13","V14","V15","V16","V17","V18","V19","V20","V21","V22","V23","V24","V25","V26","V27","V28","V29","V30","V31","V32","V33","V34","V35","V36","V37","V38","V39","V40","V41","V42","V43","V44","V45","V46","V47","V48","V49","V50"
-0.02647336003312,-0.0943016088503568,-0.098750722440165,0.0216351220483343,0.214689407057289,0.189946371262708,0.123747083439373,-0.0179081182142592,0.055271870613294,0.238480193447873,0.163016498161501,0.13936385676259,-0.256923068124091,-0.0345101847308432,-0.103166634433638,-0.180379343897771,0.00604574651448132,0.0233807088998871,0.163260700322648,0.205110552183268,-0.0570390253660377,0.0925872799540172,0.0965131606697883,-0.175276028297601,0.106695121413914,-0.0216266930346672,-0.122162723553442,-0.0184389162232725,0.207920311850657,0.0669898306138735,-0.196282653727997,0.110441445342169,0.113252134419103,0.115311083957369,0.382729378984593,0.0752890752086948,-0.184101714456151,0.163314095846178,0.00153067219090082,-0.048725105346805,0.328061698089957,0.225437856508969,0.114297773835694,-0.0238349011832711,0.118690238693313,-0.196716366704012,-0.0392157230490611,0.204441880500566,-0.116321645886731,0.119457127347171
-0.15066544093353,0.131372531530729,0.171626032726588,0.206721915984482,0.0422817823202129,-0.398264845956127,0.00802834688917167,0.017400210989375,-0.0645890389943641,0.10060355184669,0.0577465478814548,-0.129200347999119,-0.0172309263036024,0.174639239423835,0.0814844393696526,0.0243878291218787,0.0695905079573471,-0.227053549786896,-0.0152613503347509,-0.117889206239746,-0.248012139463766,-0.101555908128098,0.124601789121233,-0.213311077662946,-0.040173083238386,-0.287498049206911,0.0262924963062769,-0.116201954345477,0.120504966016084,-0.0276132769906009,-0.0807978492742666,-0.00142829310961478,-0.18795472393382,0.0413695249682464,-0.0189015004460457,0.317208557746673,-0.38563222645864,-0.0916403021572421,-0.204309802712157,0.00967423248515134,0.0414287721522851,-0.123198927352698,-0.244739764282728,0.0922142227662692,-0.0784505564243363,0.233164084660671,-0.0536448974504178,-0.176752474763186,0.0369987406089154,-0.0302814768200126
0.0811032447472672,-0.019575630636467,-0.0828903639047927,0.0169959517302951,-0.140479100621643,-0.197530440283789,0.131110525099618,-0.124947310508126,0.0680139446788873,-0.0610086304106416,0.10102912284118,-0.0254505680669376,0.0191868701898089,0.153829979057296,-0.305095724045353,-0.115916480962933,-0.0298641191445704,-0.136976688000966,0.185892603063477,0.0696915481853463,0.0803657936773469,-0.30884577996452,0.047010417102047,0.202795322903048,0.0330639862238519,0.0455688862530937,-0.0754744447399483,-0.0509615660148017,0.16163512541314,0.0411701255912533,0.0613279512278812,0.0376742966987972,0.131603777091446,0.259596116638921,0.389718023697772,0.0367097972200689,-0.0672671804432103,0.0162652872393168,0.110971570827609,0.0687216307520673,-0.238517544471804,0.145168685738831,0.0278464017485121,-0.197523509047152,0.0406318504068317,-0.0596752307018481,0.220597700942918,0.0997198629764422,-0.157401178250952,-0.0661909960387889
-0.106035287113167,0.226326465343092,0.0738300860426825,0.0807120247888735,0.0802079294788416,0.0922405038497203,0.108236286216099,0.0829186997946856,-0.011548726190184,-0.0858362566326109,-0.152836549123412,-0.00104949044323144,0.0315454083973458,0.285208146703555,-0.111838378458198,-0.116629377371574,-0.145059894360474,-0.0687275695850108,0.167168117152398,0.00607959910256691,-0.0458767261197785,-0.268088153881679,0.12908635419877,0.159989216748889,-0.0840013358481086,0.231117181715216,-0.254908279385614,-0.0490788178207162,0.052394393606282,-0.0243277191172376,0.0403810777087313,-0.0712508600012058,0.141385598642805,-0.226978389836045,-0.0151591280112361,-0.0667612534559979,-0.0411827727803448,0.00691193564360467,-0.12609277068286,0.0301938798265084,0.0798988988566369,-0.188645906875245,-0.151401339219288,0.029781579578711,-0.158053135712716,0.118633113145076,0.030273532796298,0.129255390494906,-0.161206264380243,0.0366045478226656
-0.0706866486348259,0.0676400950088639,0.0137985875437616,0.0427590677688363,-0.203957564052033,-0.0769573883468156,-0.167510794006139,0.223994062831352,0.215329374377832,0.0179928944217539,-0.128105144161148,-0.0249275675280948,-0.0143413436824163,0.0536748468827427,0.0846729595697911,-0.020131030619193,-0.0347751854878748,0.0115120381566101,0.06477895427588,-0.0280921139611163,0.0565047382328268,-0.116469941202538,-0.281615889270924,-0.0394211633460387,0.0313024559551756,-0.0318349914476232,-0.0500986493347297,-0.172882147858678,-0.105985341710854,0.17362224995506,0.1390440316671,-0.190186828157603,0.172586612348862,0.110368660681506,0.114278589795069,0.0886280561002403,0.142692314600001,0.0567757199270297,-0.0606880206653109,0.0372190565149794,0.0862412949917047,0.00134459228882777,-0.0213680842743799,-0.00512783023739199,-0.0943852258441877,0.083846780367475,0.0649830335228157,-0.0680897444962434,0.229600480323793,0.137565415687566
-0.0109156187907667,0.0265551937651106,0.00880982147441194,0.0861409299333361,0.00863068863522291,0.168025577288982,0.0475654497579939,-0.101414205838133,-0.0662979669078983,0.17273647465736,-0.196260068250949,-0.150250488339878,0.328861626542261,0.141194466965959,-0.109340848661571,-0.0242055429040792,-0.0789769953976395,0.0745243912692753,-0.0170088912759969,-0.00928231652337804,0.0345508523966119,-0.0982583487245059,0.128720123733606,-0.215510069009672,0.0780161079691623,0.0157223977886287,-0.0901684103319401,0.290300446834232,-0.0295227507287283,-0.202763010912575,0.0283899186288121,0.0514905685842323,-0.0275822311289643,-0.0243580524941091,0.192996858887529,0.0344598367357236,0.0232617898038155,0.0131384371825476,0.0154293409155323,-0.0740518572550312,-0.152803821038423,0.0682668278315964,-0.244347617090614,-0.0486281500209224,-0.114975358617253,0.0706017386780511,-0.0332735193545435,-0.117837226350445,-0.211777559443718,-0.179326348885393
-0.100657650383209,-0.0885258730734459,-0.211755249363594,-0.12156427630601,0.0173755745486316,0.0831873649901822,0.0762751842250023,0.162263627549883,0.0382751303871356,-0.0933912394113868,0.0452126605695306,0.068636143650416,0.106844674832006,-0.0769023868202281,0.00225974970634533,-0.135062287230888,-0.0948977800204538,-0.16455833679624,0.129983285607984,-0.183707142201098,-0.0906151187984175,0.115353283108589,-0.0478475399016199,0.141442549687093,-0.252100507243597,0.125540071106425,-0.0309628922037945,-0.0382429845616958,0.0981453193855663,0.167848549764935,-0.110828152487519,0.00406772326980993,0.32035966835503,0.122788067787743,0.15145048379817,-0.000855120217305529,-0.457160811885342,-0.105983428589142,-0.170387688066993,0.195005931851698,-0.0890551035202036,0.0755476388166922,-0.028104479977619,0.072823815505323,-0.0520645362395513,-0.111747005225152,-0.00737250164352728,0.0348496526711867,-0.0832870732653117,-0.203883787939854
0.00778126323229854,-0.198292256147672,-0.132259778816838,0.0830667980116071,0.00759118919500905,-0.344992227061488,0.084809388158296,-0.0408923751340289,-0.0178932893711142,0.0184259122829212,-0.0493645694583944,0.184317928635695,-0.15591045764596,-0.185140828931254,-0.0777788471221605,-0.250004981996829,-0.133877060933518,-0.0475769130024414,-0.190450973930391,-0.159011634049018,0.0968450375676417,0.0120323852478627,0.15720595265881,-0.0543626311626749,-0.0577872026806975,-0.0369662987713516,0.0771656684835825,0.195151192910752,-0.100108800711217,0.138518721756528,0.252602117464617,0.112009081887278,-0.136976282875713,0.240179479922217,-0.0324379559636807,0.0200249982322649,-0.0487191688419571,0.0788574293031766,-0.104292278370849,-0.214930281680735,0.0376216650356904,0.164259589549293,0.154294991436593,0.336370827000424,-0.0639267277000737,-0.107283582032881,-0.259782369140573,-0.0913639040759627,-0.0662300076041154,-0.0299577802391288
0.00293806499702744,-0.0395774444974406,0.140352165937147,-0.206056904031563,0.130450143955785,0.301617284529894,-0.0604620712635004,-0.004665004334975,0.0255619899863928,-0.168378160501942,0.0441536593569191,-0.0649046235916134,0.0292472402814883,0.113369280715999,-0.101025962829588,0.282792470801367,0.0824603779615365,-0.0811475767628996,-0.0473875909076304,-0.0411352899047095,-0.0339723071505164,-0.0856672523350721,0.184574137283752,0.0107760570311322,-0.0128834599645076,0.00516707868730376,-0.080096376705324,0.0500430317091596,0.0259181686336949,-0.331304076177133,-0.0673378241065197,0.187977886766643,0.0771516731579551,0.0391475149140019,0.0110331191918806,-0.0553435775157252,0.0343112944739763,0.117408252689386,0.0790890903323806,0.165203658899635,0.11419829006111,0.0090395947002278,0.315587606852374,-0.133382321517523,-0.106646013223998,0.187215334720969,0.0433237464295639,-0.127372336671148,0.0662043252985007,0.290421327549958
-0.00586364157239837,0.00334837642515156,-0.0452738326486761,0.00284411476777499,0.171625232028232,-0.0371657814578577,0.0720192935523648,0.0407385559167504,-0.0373528384846099,0.070071614850751,-0.196737518414446,0.0365011552688942,-0.1442230226301,-0.105992205765264,-0.263198627627286,-0.26248886069039,0.104728295741857,0.0357795496198308,-0.0818500505021589,-0.0636277233025445,-0.120816931766443,-0.104464625866813,0.123312489817103,0.0550904553564754,-0.0756467143824476,-0.0863359827534871,0.169731593389446,0.0841033224387832,0.323992467034055,-0.249936437750777,-0.0143591774913452,0.060568011447285,-0.0465613069993575,0.190175102130793,-0.132922424510206,0.0669263361835717,-0.103179315858341,0.00909479153741055,0.0881202680509086,0.117030208016872,0.0675865799334935,-0.216336989947491,0.326682144917541,0.0966093139510798,-0.121877796922998,-0.157571092147325,0.0171502656454418,-0.00959031431968605,-0.0883157095621721,0.28987361647296
-0.0160876746499809,-0.189962511739009,-0.134454395729964,-0.216353134765961,0.051049166861641,0.0534852630290584,-0.125581769277984,0.0631642185198066,0.0210328561728727,0.380441872639633,-0.0509681387128615,-0.0447510478544465,-0.256296456903004,-0.0504872011183391,0.0174610716417033,-0.212136923494116,-0.0185641503952836,0.0694455442612479,0.199636202014797,0.174754582437707,0.153161624782815,-0.101269403947284,-0.0750436972602329,-0.260017430917587,0.135077705461053,-0.059377707721143,0.230917069850674,0.00193300731396573,-0.134144771765822,0.368957360006066,0.158979554102309,0.07725462600943,-0.194879627311185,0.432240799101372,0.263123239892964,0.130277424190974,0.00793663901129992,0.243559532014008,-0.0303801277451208,-0.156036120460611,0.0161704437967443,-0.147572925374974,0.0758183609205512,-0.121821570984255,0.107665208213582,-0.0286800197718501,-0.0643422352033708,-0.0327234307843582,-0.257636938227118,-0.0116734922594349
0.0680396519473063,-0.11141932476855,-0.111943953988617,-0.140687611952317,-0.0762480842188873,-0.104824370856599,-0.12700306825123,0.0437291417262542,-0.011686230693889,0.287732137452514,0.159363718280868,0.239474847317668,0.109919186278398,-0.127457485655558,0.110995038232597,-0.279492823043501,-0.0764905800097849,0.172389762370558,0.267129760015468,0.0324092300622602,-0.0281450036869334,-0.0685360621488146,-0.0781483234733348,-0.0718097546618431,0.0921557924043877,-0.157390645280438,0.0508156010873598,-0.0358698562151456,0.0589551434648506,0.163010326425671,-0.219582328077136,0.201491339686903,-0.036118228550233,0.185751946482425,0.098591005053241,0.183049642770111,-0.10393175197511,0.149121701411699,0.113657039923985,-0.155053143864738,-0.01943833631287,-0.224749468196092,0.00960723173089898,-0.0650975337452682,-0.0274747285789698,0.0296112190130798,0.0475749414622731,-0.0107536553972692,0.223481340767789,-0.0231750555726714
0.0143364880341372,-0.00908634149194121,0.0157725593133384,-0.203506793901289,-0.140136991008746,-0.207592062993291,-0.0446167324357259,0.156307019670418,-0.264343182372151,0.123759863524889,-0.0224866544503164,0.191462840818023,0.0327308705866615,0.0126213402124611,0.0554045891661828,0.152863211032918,-0.182247039311596,0.0359102967843263,-0.0194999439923273,0.155773851144425,0.0276199979518845,0.275941008568799,0.1190132306906,-0.00382586157837144,0.0412215964304372,-0.189745325112318,0.0643111461222534,0.126983968547979,0.0699579129172817,0.0900328418332874,-0.260422123905337,0.142172961590085,-0.169005302248369,0.025913124803853,0.0611374296863094,0.178887891883914,-0.274152857284554,-0.0576379393079097,0.208519659478913,0.111990097429647,0.217959747467562,0.0499495219003619,0.107429210703886,9.49785668705049e-05,0.00532409407585096,-0.0280509056237778,-0.124548755766416,-0.172852966228289,-0.0329933259650683,0.186397608900861
0.102568503868728,-0.00715875680476333,0.0094908694328929,0.0720249928784969,0.241984558177265,0.248272741650046,0.0797554708539785,-0.266501242954993,-0.0282843339141196,-0.0697170662142774,0.104358555007547,0.231605945309664,-0.076108497317076,0.0154916928569169,-0.152507902907193,-0.00312148489238254,-0.0273801337467413,-0.263341822856297,-0.0306749818910354,0.326676540921464,0.11685602058829,-0.164422862397497,0.0130114569193475,0.122092132252028,-0.206950356656872,0.193074973023767,-0.0683425719486054,-0.0106790531951458,0.163013166872554,0.169600002475328,-0.234960431469856,-0.0242774831944665,0.083155637459364,0.23458270164556,-0.116239901257037,-0.111637390890308,0.0339348222206017,0.0979549783346963,0.0943825468388804,-0.0198070780510551,0.172203218119443,-0.185822868304163,0.0537635483062159,-0.0590324741608095,-0.113825746517155,0.17885664166002,0.268053670356816,-0.089424454865896,0.185533827278238,0.0599958332156644
-0.0742791533649576,0.243566518807434,-0.0508215536913836,0.0501141869327539,0.154250526017598,0.257647338720035,0.165695785890866,0.109963133181792,-0.0982680984246049,-0.251202583508366,0.165807220014795,0.226028740535994,0.0969994339443924,0.218583034174775,-0.0557472645777972,0.081126933275159,-0.24792188202266,0.141879820560588,-0.105644945988255,-0.05331322708976,-0.0823235881902558,0.0302408384168047,0.10330138883652,0.166027769525262,-0.140222765330503,0.027764354983704,-0.104894128121124,-0.143815965717471,0.114222279269326,-0.00153145845903035,-0.216444870536379,-0.0801169652815704,0.181438828174397,-0.167584187030284,0.142458832529626,-0.176801199611681,-0.101436149852869,0.218488483986498,0.0997079197076499,-0.043169779752972,0.343232597826614,-0.0827926176179053,0.0404546033619433,0.117803246087208,-0.113473875580517,-0.124231721115474,0.000723237068696946,-0.0814725693336945,-0.0848600979044756,0.0279931795445634
-0.137751770414447,0.0154037850916263,0.183752969553859,0.144742718461901,-0.0233917077017281,0.0168120480000601,0.0639943509239569,0.201597586158635,-0.0358931981080972,-0.168625437076836,-0.0255210832869964,-0.0454129358733213,-0.0170928199803138,-0.103517872184325,-0.139712509529069,0.0185498495738825,0.433846803005616,-0.0261076549942079,-0.176689796715276,-0.0964707911192231,-0.0834415879229239,0.0171052520135127,0.19201713291178,0.162050844334375,-0.0217640578433953,0.0512728094130313,0.054778901892888,0.0932196504478533,0.0434273774475721,0.0562845382395468,0.0705911384642252,0.213377967994616,0.0288565700017733,-0.252769206449121,-0.198672214490808,-0.120551340371659,0.0619836360047769,-0.441951792321146,0.145756796682198,0.105595658541757,0.0680430987800846,-0.00699892762503822,-0.273392779091794,0.36490902577795,0.197908581988477,-0.268866667748406,0.180489609709737,0.201756244844265,0.0893387679592081,-0.0823576917406738
-0.103503761653827,0.119007309877276,0.132840258037821,0.211583968423782,-0.204543407127382,-0.0294877595923597,-0.09416554936851,0.251110901709464,0.131931268471786,0.0241310823554336,-0.100975071860151,-0.0177755517136978,0.0599239773129925,0.0913481395633144,-0.0592347920934274,-0.0397486105918777,-0.0656185511733344,-0.0321900046866253,-0.0571144820582438,-0.0604459736802805,-0.174716188960652,0.00660964899951866,-0.0688758622601498,0.0116497575109469,-0.000156030089403696,0.105646470294793,0.103444246268904,-0.015595465512535,0.00815872130138465,-0.0337429125610253,0.237013361432421,0.0298572241129483,-0.17160425131085,0.172966996619059,0.115724379763747,0.0492804284910204,-0.0670066050722088,-0.267731568452373,-0.270183643489272,-0.291752909397522,0.300156576845659,0.0529206307720791,-0.0774737426824429,-0.103932192372734,0.0457260085442147,-0.120352350822751,-0.224636313873111,0.156030729641142,-0.0760192223742271,0.0258543458327181
-0.163633682754157,-0.00100704005151487,0.0861057178542027,-0.310262740998002,-0.0840697913026904,-0.0612148618161752,0.0909610889586059,-0.0241787736092249,-0.0436768270552013,-0.121190841380627,0.238584484811353,0.105376990641474,-0.185708398425587,0.045216028536964,-0.0624327665337929,-0.0763921744103267,0.318928064387442,0.313412990958054,0.0758846644501098,-0.147456206376327,0.241908510933571,0.17327716541021,0.0862539116600667,0.17085268091715,-0.0643219949751311,-0.195027026521163,-0.205999775674263,0.00272260346859884,0.0588345930810058,0.241607268441627,-0.112989551838736,-0.0123908858089568,-0.0754918700859703,-0.202030047411168,0.129910305034189,-0.0174483460100657,0.0165849720625583,-0.011628734980121,0.172341689290237,0.155364077406829,-0.0797094834101443,-0.057816982499451,0.202682622304507,-0.0264703753388842,-0.121045351872715,0.0712770200641404,0.0189944925313574,-0.0299522684716642,-0.269849172106633,0.0126733170376819
0.159156062996567,0.0874525080866543,0.0807237429087311,-0.175299233631381,-0.0708729866779476,0.0888360334009269,0.218624771245559,-0.16152345356609,0.117554275013005,0.0519890118309088,0.0585939488317199,-0.0853005351311347,-0.00145999558878635,-0.140933911620563,0.120049781161784,-0.0942803314756537,0.00475135066555446,0.081474000415524,-0.0791957482535566,-0.135537476875587,-0.0480376818525657,0.0966909979983754,0.0286243972412115,0.0238270944891247,0.0576885032900805,-0.188138927474252,-0.0347789233141125,0.202186145261787,0.121821232375211,0.0096604678494893,0.1024414440348,-0.128113022103432,-0.136064723369926,-0.267605671775468,-0.113480535531088,-0.0882745297697376,0.0848794284892777,0.00278514642294681,0.131703471220136,-0.0718365447708341,-0.112274653355963,-0.150174551766354,-0.118289844541531,-0.0363612634469691,-0.223495965613142,-0.0688348834087085,-0.258745377324551,0.117190387389575,-0.116066904562258,0.0477266180153679
-0.170292447202157,-0.170291595408958,-0.20452323537253,0.251140323305391,-0.188392094030325,0.0189524423946824,-0.132617348867976,0.12655460356186,-0.0402072573960152,0.125587904544399,-0.0273661746850381,0.0893840438469925,0.0701225987847153,-0.0502124054369742,-0.0278000830645662,0.00334633934662514,-0.140016290551407,-0.247707637757524,0.0353243092976469,-0.0149864478665401,-0.258576995636547,-0.0182332565421575,0.126343729038995,0.172347622739407,0.08035465890771,0.0257608646489234,0.108359916307599,-0.184476276921409,0.362551515404366,-0.180514397293167,-0.0078376268547889,-0.018712907565762,0.110713475520215,-0.0787373153200514,-0.0296347991807621,-0.121578711901571,-0.0106188935238424,-0.119547914440624,-0.307495367679215,-0.0367135117529184,0.137562278715638,-0.135048172434285,0.0195723905883676,0.239175797217394,-0.0115715709948176,-0.121103421978078,-0.00349032500158429,-0.0332438859746126,0.156639664738224,-0.278211931057365
-0.159136621942728,-0.0923982556537418,-0.0656257172449451,0.0459709622952208,-0.0671953525811908,-0.0528178211418221,-0.0161676204096762,0.0519478276703525,0.0391155195397995,0.110824333501042,0.0716234337040063,-0.0362144382044483,0.283074338512472,-0.0524314758197608,0.016159215088728,0.065303955636073,-0.02004906523393,0.0231470132893582,0.0237296154787463,-0.238695959124508,0.0484071931141898,-0.127937317474704,-0.0463816214738557,-0.111855106874229,-0.00116925122633349,-0.00149193857461997,0.0861025825243796,0.264906169830321,-0.0320784108805625,-0.0886289622313766,0.0349115977280071,-0.23016875339383,0.180900612958041,0.272664805195935,-0.0397155409111948,-0.214742962129444,0.259785404119469,0.129383354188236,-0.131898839485772,0.0805156051077466,-0.0242676982246843,0.127977571551157,0.125280270841207,-0.0432203510106694,0.105360706674537,-0.16779075801569,0.212082394859163,0.0183758614727149,0.0792533201977723,-0.161447646875763
-0.103296435274438,0.0879575924982628,-0.102174972255178,-0.0594996900134723,0.0108710727897739,-0.125860205715734,0.0204364093096172,0.149529143510151,-0.00365932894958045,0.259356369529335,0.215054656129784,0.307666742377386,0.111923522999482,0.236119695801172,0.125182753800257,-0.0220117519695553,-0.0742640574657247,-0.00599250072796585,0.294512088404754,0.119423006959757,-0.212597446412808,0.199802317978547,0.140163419921042,-0.0708059583972164,-0.0188906940091254,-0.253617042259584,-0.232632582283303,-0.0483741692891155,0.322764782549997,0.0104571398327106,0.0211590987015014,0.180380718795043,-0.322722462282604,0.00774030329622535,-0.0493210758320594,0.158728980292931,-0.272689981930922,0.175637482317073,0.0663364346402177,0.212149041944208,0.290472090780831,-0.127933706317719,-0.104176398738352,0.0337663302374103,-0.0446403354545977,-0.0190029524839062,-0.24347243140271,-0.0561272726383251,-0.0250109464488771,0.0734517201215194
-0.129888359786265,-0.0524628050638235,-0.0903427336579747,0.279844711522124,-0.0102828694307029,0.0723204936434566,-0.0407152435122812,-0.0237929026688329,0.0400523603173394,-0.235056718090141,0.144461099512026,-0.188736679782814,0.150561204356021,-0.181703413958843,0.0787380153759536,0.194152084737756,0.255639214241574,-0.0997828762703559,-0.141466865728436,-0.0556917291089924,-0.264110240896949,0.213169594055324,-0.0174195547329108,0.102220151492947,0.127501626485649,-0.00373197529199813,-0.142748260214654,-0.117721909348459,-0.134733566568894,-0.18043160142552,0.173984629673584,-0.166470198856832,0.0675320982434481,-0.0517498199269814,-0.279886815346096,-0.084169349175477,0.022342683933952,-0.0100209220827698,0.231624041388786,0.109216930638094,-0.170666308477831,-0.128982273382925,-0.0473350218903159,0.144689188214098,0.0911622647054635,-0.139832199312124,-0.0453151064131933,-0.0354489890932793,-0.150111954135967,0.0208523141638751
-0.00915586453940695,0.0131278311074508,-0.171085246139107,-0.0237145388697599,-0.10433713098336,0.13093277923901,0.0723938102680574,0.0707547531747878,0.235582067123009,-0.0155184362760932,0.00962454852836436,-0.0240733440741933,-0.044022608158006,-0.0806307233530906,0.0435113600494244,-0.0858102550603988,0.00110775233211055,0.0859997158047691,0.391106823152803,0.140011614575874,-0.00674426096778219,-0.100730189606481,-0.0653813284467338,0.0126549527820611,0.157881779748711,0.177857662014616,-0.0615233093155876,0.150431900065202,0.131742389820144,-0.134120240806623,-0.221633045718408,-0.0665401765816376,0.1216659451246,0.106674884798062,0.141400201243209,0.159443199450554,-0.112902426231197,0.0360221856832312,0.0970712198713566,0.0346723107305677,0.149919159686226,-0.0925828803189602,-0.0576064981128044,-0.384707519130406,-0.0884650498307106,-0.445534720980506,-0.0521743906187199,-0.0271979347358528,0.26873893298543,0.139741306799524
-0.123069899752858,0.0711184100177865,-0.120201227409594,0.156891972612155,-0.0308736975133724,-0.166030121911042,0.0232566916734304,0.0332154659288236,0.125804853544362,0.223528538007462,0.0974264731960397,-0.0823601702639584,0.159463766335063,-0.0867743750041319,-0.321883555104365,0.0999875071609256,0.0833611476094807,-0.306135538327773,0.199771393271544,-0.116849701244567,-0.0643138434241651,-0.262931482141738,-0.15158353348942,0.162474445318261,0.181296387009551,-0.203842653320855,0.00347764345046028,0.0793572469116996,-0.167364384341548,0.247415746536535,-0.194427022426996,-0.182424381206254,-0.0875602960330775,0.0611282948722582,-0.216399568552245,0.0943255704347099,0.135301734754909,-0.021391990417761,0.298567737316971,-0.135635418830505,-0.246286817574431,0.143407760396976,-0.0909380745887111,-0.0190658701393732,0.06744589506206,-0.303168549581059,-0.101709270819184,0.0151004094708935,0.00386381594112562,-0.239259344445491
-0.230169522451379,0.120012164454309,0.0875678142565933,-0.0718070944738012,0.0650328612144856,-0.105309746718152,0.0905270925473426,0.0728863406876657,0.242481494323536,-0.00329520106254927,0.171788885261655,-0.0570727558769117,-0.139680647595556,-0.125746414344409,0.0316618458869994,0.153771119460288,0.0635721994416679,0.0141177934875438,0.0118683964518416,-0.111512455669184,0.130762867213282,0.206836173439499,0.148972058176378,0.0795597628820399,-0.157583238317199,-0.0483383105344994,0.0357854603246561,-0.299344484034901,-0.0792862241354189,0.323231122433684,0.0619994809965547,-0.0332398589240703,-0.0562080778052866,0.00716487554511336,0.0723179049024516,-0.018119000120407,-0.319633068239643,-0.132370047148277,-0.000686271377656787,0.161112323072437,0.0601405990510793,0.209594215395003,-0.0315432497880777,0.0312178135832624,-0.0812597776725338,0.0719158709822187,-0.062665703656504,-0.0536185599011035,-0.0868858474814123,0.391723388810392
0.0361293520960411,0.0537495144902135,-0.0984812434254562,-0.0469043741109877,-0.0554038446019484,0.189624269411306,0.144910639352261,0.00389404806318843,0.036156728262505,0.293137596254604,0.233426199786072,0.0338399295403289,0.139386040452108,-0.0965782568519703,0.06550984472766,0.0102204223042774,0.10500512225643,0.0645023167200238,0.24149965113205,-0.169567325438427,-0.127163528954746,0.048150983006903,-0.18831618100205,-0.0198930665965237,0.123505256214844,-0.0315934614903617,0.0753198479728926,0.131906981498894,0.00818413511549015,0.0614270047360134,0.166406726614475,-0.00540783847876758,0.154311428854414,0.225981657458803,-0.0297807874921223,0.0210872835449238,0.00779847170474994,0.102260372818519,0.0394024633226526,0.0510909286485704,-0.0415042215175045,-0.00539365274362451,-0.0826249941347526,-0.0625683907242792,0.0404092635454638,-0.0460240765786605,-0.0930914065165864,-0.0402699543913648,0.101484655334797,-0.151608174873657
-0.128707883239818,-0.0150193527426357,0.0538065580217773,0.0166282853188574,-0.0159250184771113,0.0816651501731582,-0.0280454181990725,-0.0168131583410269,0.134093489883134,-0.110706020356791,0.221453906301262,0.00812306907514354,0.109125490212028,-0.170100805674362,0.0409543981857465,0.292084748296534,0.0784462762070674,-0.20333642009002,-0.0461408571352209,-0.0384258617401084,0.0416444792153909,-0.0164524365978195,0.189840618569231,-0.0307599650852381,0.0723445886301969,0.069048770033249,-0.0346386940704386,0.0832058709720995,-0.131483645793953,-0.153895790924553,0.0806052256099581,-0.0368067592297574,0.144229607869053,-0.160317023856404,-0.0173027255854386,-0.119437962429373,-0.00249377722912767,-0.358867984167131,-0.00920757004635597,0.171866960649169,-0.128264632133595,0.0694787526744858,-0.0763206547278435,0.08559791913851,0.216230937489054,0.425382672814457,0.049354061183596,0.0469106746523819,0.124492359691882,0.0414594124623939
-0.132513026390663,-0.128982158578489,0.141591877205987,0.0552202809917027,-0.253124596119605,0.022250882341648,0.034218618939673,-0.084826075316818,-0.141305228948875,0.216693878793369,0.175550011149637,-0.245285267876813,-0.066564903302663,-0.144090914746536,-0.312740153145635,0.28285428271004,0.362191113892658,-0.193491586641159,-0.0211605072200882,0.0772066171901383,0.117876248676291,-0.0579556893142849,0.246195702495492,0.0903020204742182,0.216156943449771,0.130783671414051,-0.188682462912589,-0.00150322703642348,-0.0639549529513517,-0.154672448856847,-0.0408169305128838,-0.0678057887367313,0.0102037398384866,-0.137396716312804,0.044996950408175,-0.0527538795301807,0.107156966471896,-0.0455155530933934,0.23299808292368,0.0719567196761503,-0.234712884291488,0.140136749129361,-0.0919340411289516,-0.078921580932755,0.225154374809714,0.205140442324361,-0.0421610612916756,-0.138884711872741,0.156904952047306,-0.129174247274387
0.0340126170212392,0.0668511602817882,-0.234866671149195,0.0488281054667165,-0.255182486020969,-0.172584059300683,0.0426059474215063,-0.212376190121761,-0.0151661584834938,-0.0340763722586288,0.13878811022005,-0.168969280907881,0.0600813794187695,-0.0392809642081096,-0.127947788142599,0.186347508446489,0.0808558421340352,-0.0858934011317732,0.00623501138983843,0.0166136044371718,-0.0871803268145157,-0.278987734051518,0.0860841882276757,0.214913913367779,-0.0181611850841431,0.0612809186718713,-0.137763792612184,0.132369950518318,-0.0213385822016476,-0.00525857184216462,0.173995806865335,0.113383951169101,0.0216800743366793,-0.0562464848059927,0.00937293026233072,0.0954690784687505,0.0949429544000394,-0.058870263945387,0.144547513992775,0.20795344553922,-0.234204960299183,0.0268846119231337,-0.0693414708230131,0.00171152753143909,0.214586841515055,0.317604470511081,-0.140655161273853,0.106076181796341,-0.0479929437164616,-0.19633531428313
-0.0444531664840622,-0.016783924206824,0.100426383728126,-0.174043332750435,-0.00415112923670524,-0.0145071868386266,-0.024498971163476,0.116136190752877,-0.170629242387559,0.0728920035996252,0.102456181776414,0.111225936844656,-0.178275974607033,-0.118452270418023,-0.0462800400699867,0.0555503597536607,0.0580309407580109,-0.164728145687977,-0.00969213512551826,0.102834430843069,0.143552685987885,0.208860831817,0.118210458111128,-0.0965251677660006,0.0648489718374174,-0.0993775617465099,0.0390578972546439,-0.236570828327316,0.0388718818442,0.153226593047642,-0.0978733249865974,0.0590183314403348,-0.0515782307572556,-0.00291884461155089,0.244934054248069,-0.314975587485191,0.093591511668395,-0.0549375632264053,0.162966807430296,0.0557446776918206,0.0812481203768864,0.0758310780961968,0.00665547201524608,-0.0755335208822247,-0.0860955125702587,0.19936193065517,-0.0534771160141633,0.0823115134580171,-0.4452795711996,0.102720735548859
-0.14343360761927,0.134682336249839,-0.120070652334995,-0.0755323343737152,-0.0354920893252812,0.0650441026030621,-0.127412319534882,-0.0417566819932418,-0.0323387631225081,-0.0194650394645073,0.0369910581510144,0.160511225844011,-0.11787799483396,0.0932430717684634,-0.0514842663002818,0.0636358760916704,-0.171760922225903,0.0517307383642157,0.242866599776422,0.200707505316577,0.124189391356356,-0.189758336246069,0.0652578493120319,0.288206972191614,-0.146988330717578,0.270492484559065,0.178292353986097,-0.0810213511585772,0.0602106402590728,-0.0261178451180684,-0.106251524917778,-0.021281147415775,0.0913160235621771,-0.034976074097602,0.229353173719297,-0.00176924337549527,-0.0492043653472564,0.0693425644386652,-0.102631892046791,0.00877211677098127,0.189543756642196,-0.0231641907749849,-0.0258095969065227,-0.256833731612658,0.0262624794916765,0.239510023375988,-0.128757920571382,0.206514706301064,0.179072040162911,0.114014156707748
0.20657554973092,0.224112234804389,-0.00305127968896077,-0.123333855408296,0.017361162759105,0.0468061820148811,-0.0284178153264378,0.0135135559723693,0.095503396658193,-0.235983714922766,0.122562050629549,-0.140620988230334,0.0780296323243699,0.0910072427647507,0.224456175184379,0.0183695084425085,0.0853717100135588,0.183196169351765,0.0644718148052403,0.0129131757980945,-0.083925257107246,-0.108070804175499,-0.13454234846328,-0.126206307629331,-0.240146044997653,0.0663528890481279,0.209043610453227,0.103340604707697,-0.198242675453559,0.181355504644874,0.131168456337082,0.00602410850770453,-0.0932377544975427,0.0699437110549104,-0.163076044394309,0.139437380079234,-0.100108745515585,0.0467077628320405,-0.0991986423316736,0.129728296057935,0.0966360420640625,-0.0744960441392502,-0.0802667054843381,0.00515045678065646,-0.10925922361115,0.222721867798977,-0.0103168405026426,0.173549542997619,0.250268598250371,0.179478974387106
-0.139564408099192,-0.0690222017034278,-0.112830136707937,0.153665308379056,0.00160895869166153,-0.145671439714657,0.1696538464709,0.00496230668977365,0.134825347888479,0.152617938117001,0.0630461781699965,-0.109876727804499,-0.100827950451506,-0.0526608655042467,-0.032324437603899,0.00983490739010308,0.241852971629682,-0.0496991311767213,0.127743619104496,0.0558992001839959,0.0474591037053965,-0.0597975505506348,-0.0937502825423981,0.0130149412597634,0.0462808284262362,-0.0528341179816983,-0.102585782478096,-0.0508416603009167,-0.0201202412333475,-0.126836361402529,-0.147408607124076,-0.192806581262177,0.0977631615244294,0.0556548298784304,-0.00856382154084111,0.244155577126441,0.228067442149984,-0.107694649585248,0.266205485491922,-0.0348187160919129,0.10168701056336,-0.00622963331126968,-0.0356081378141125,-0.0775764412423819,0.103870241106203,-0.338958456342697,-0.016952297547367,0.000836408417810573,-0.0365678092146001,0.123504970145566
0.12114517274586,-0.167477671318408,-0.0196283170184226,-0.0756748093400197,-0.00629777389994814,-0.213320080922866,-0.0855385331759864,-0.144889806977551,0.0323326394138169,0.10015610396487,0.052780031636041,-0.23792158304923,-0.0949849864608783,0.045237307220835,0.22440374925859,0.199034072549215,-0.154358977016807,0.0601709119983476,0.0892471507543676,0.374237210690802,-0.0446137695414463,0.111290149875983,0.0466978297122932,-0.231709528336602,-0.0701116259459387,-0.336942818680507,-0.210002659727741,0.0446835263113343,-0.0288560789210442,0.222869289189593,-0.153179952229887,-0.00321255097540021,-0.14143156043603,0.468659134148845,-0.126020713287858,-0.040711377748601,-0.143138674753892,0.324880674822113,0.114695935287727,0.0875665224372442,0.131579820087097,-0.0396698992403431,-0.165684481483581,-0.198350335603363,-0.0939963693173042,-0.0269656511578686,0.00139558290323579,-0.0257204437978066,0.24578009487434,0.0328132166484967
0.138820793062362,-0.0192050555837616,0.190870646884556,-0.0818252580249024,0.0808380220738956,-0.121921238882543,-0.0840131795575852,0.00382265274176713,0.0838521204899943,0.387615569885898,0.058589382171649,-0.287830180122921,-0.317705518324315,-0.151103698405775,-0.041627551757084,0.0657030926808857,0.228035669899616,-0.019984347137234,-0.0489179569481514,0.247589800161408,-0.0717711631590379,0.0251796621235418,0.0241495254865481,0.032991254163374,0.276585125752706,0.044953614734863,0.193353756742837,0.0901830325585116,0.154539010150966,0.118553222539867,-0.232324019538655,-0.00742989666655009,-0.124567990746796,0.0354094138453749,0.171789229928683,-0.164729656962184,0.19615670604499,-0.227126147798087,0.113443226165712,0.00560626024110903,0.154807311560948,0.0414595586839847,0.248215374730338,-0.00888674150636594,0.0424738054877358,0.117727749188044,0.0283628310918051,-0.0136319395168421,-0.0994079315717712,0.176066608706673
0.137184342399383,-0.114930910673085,-0.0200629536282866,-0.142041881391452,0.0733837471707584,0.15039896870235,-0.0382118622512112,0.0958073971159873,-0.0710157585722055,-0.00740844944382018,-0.0738968371180342,-0.0543496794084163,-0.11148239057529,-0.00692961073801762,0.147596830999638,0.00531632738651349,-0.00135323328812642,0.212620059480856,0.163649083462088,-0.0229365736986479,0.0322184177899586,0.00680439669709955,-0.192640334426781,-0.148333856437773,0.190781343685563,0.38480244438247,0.099456759021913,0.0476515768294857,0.275129807970301,0.0914512998106934,-0.113416500303144,0.111167982697512,0.0612487179247198,-0.161471564203342,0.0653386267574013,-0.171586442108536,0.176564219589554,-0.0562637705053977,-0.192491615853571,-0.011142166370961,0.181421908946305,0.0339414715788204,0.191899024651444,-0.236067077482999,-0.221136126422205,-0.0717667562696432,-0.100100543332125,0.14251052583298,-0.19184596505963,-0.127910399529807
-0.199953061414394,0.0699861503483398,-0.055133795837397,-0.167014064486173,0.109388951853232,0.0295882023119628,0.136162320250586,0.00174566724585844,-0.00431730425848657,-0.158917955055993,0.155068027343508,0.133287362026103,0.0997087591135898,0.0259051558140808,0.104525984869539,0.057452098912804,-0.149868866849769,0.286147627848185,0.099285095278562,-0.3160022267379,0.24451160077921,0.324425875229487,0.178814022738956,0.100997166169607,-0.0207727841001607,0.215993165920229,0.211855340521965,-0.00659347889470593,-0.121613820558223,0.298034853104995,-0.0936669909877921,0.0611224231586149,0.0841786070527561,0.262399262478214,0.155478220394037,0.0640168928951609,-0.427963765339297,0.113759863958524,-0.250167106341754,-0.160941900194991,0.0901677522272094,0.0231125640160719,-0.00372141043090021,0.174365067283941,-0.0993043890345211,-0.302682339017006,-0.0670133987169425,0.00901217685901538,0.143385659533033,0.27919581720834
0.0323790287707641,0.252242968637846,-0.0116724285113562,0.445635886312999,-0.243810586379268,-0.0346782540513825,-0.0213613401840933,-0.0331947898631014,0.223913562345987,0.0814009622210893,-0.188345465499011,0.0368799353201041,0.458304332311945,0.214184716040002,-0.155919675579916,-0.138888251783228,-0.369564302290275,0.136866615813287,0.230849689803139,-0.148791446616282,0.0113575432650205,-0.30664518787663,-0.07857734274251,0.0483552760749782,-0.0808509607869504,-0.0842924689330698,0.117740805240145,0.00871809101364181,-0.180676481631348,-0.114559213021849,0.104538952424791,-0.10050202475324,-0.273411762926789,0.15927727090107,-0.00438197568268933,0.0708764092978096,0.0693201579442183,0.283723045582318,-0.214069096366801,-0.618023693826815,0.129801447558143,-0.0724709157546909,-0.575706399440486,0.238248141501849,0.0473823258295066,-0.163232888349523,-0.115510195638163,-0.0436529699929385,0.164484557950168,-0.0476214404441708
0.0741570753129786,-0.231149708195099,-0.0478815014839353,-0.120172473537031,-0.161714702276468,-0.116273671376484,0.0232199551272126,-0.157580005794773,0.263502380258904,0.115154511444688,0.0654838243471162,0.10301969555667,-0.117261106830927,-0.394991440973217,0.0304509639386233,-0.0937934377381696,0.212932111195165,-0.202682627281067,0.0414749959382954,0.00349475153043348,-0.106960727336988,-0.144043671424462,0.0212721702153423,0.178672086997371,0.0171928351772816,0.152049624971536,0.0514869610134971,-0.133103490599195,-0.0350708467795678,0.187430510475282,-0.193147157566478,-0.0313927427122852,0.0502009660141099,-0.0881949027623911,0.117757338008624,-0.118927861984562,-0.134370848351536,-0.101061939742935,0.327544031471069,-0.00840499596515853,-0.0514884011866422,0.139743190991031,-0.0316538080042066,0.0755383655933632,0.162953902335169,0.0893014686691547,0.0942132867210997,0.153672795985119,0.23198160383524,0.27807952476332
-0.227093515305358,-0.200799017980505,-0.0847981646223193,-0.0106202341053564,0.172921393524658,0.0611911740608781,0.209002112165485,0.0267258296989837,0.125990889560955,0.0355233306934952,0.104197320894351,0.192452068123061,0.0576121565025101,-0.0508868327899942,0.235690904873014,-0.0187832812405479,0.228409203667575,-0.158415861566741,0.146342527034307,0.120128385486981,-0.198107666001892,0.110909566473994,-0.115255213902183,0.0189957612034653,-0.00279577039478125,0.25632245499978,-0.0407770043390821,-0.110789094128769,-0.000787767831590826,0.131676290357745,-0.223890662767176,0.0161774092192273,-0.0236144596230697,-0.0476664459275984,0.0635732269161144,-0.0337252614290875,-0.241998828137766,-0.118914525469484,0.163338050697339,-0.181918280708076,0.216767067903419,0.00975026407756945,-0.0136107124081228,0.160799502084944,0.181689908455269,-0.108503433763121,0.0686311716370624,0.206084856738173,0.135251137741395,0.220722462628117
-0.028698398711655,-0.0366182532219377,0.201780955235984,0.232017354517445,0.0367804402845808,0.0197866601360104,-0.16106590952782,-0.191414572805374,0.00629832062367014,0.0507834350750591,0.229371859355592,-0.0619460932587832,0.0475080062247838,0.0638133308248783,0.184663198759003,0.144145804214777,0.200971218915144,-0.0253228186056599,-0.137342290163456,0.135901206222248,-0.00640084307470009,-0.135170175964486,-0.176443778734148,-0.00649574526448521,0.149773713733185,0.108244265922185,-0.292297216945351,-0.186591704857617,0.0336513856472242,-0.213329623143185,0.144275952979944,-0.224960722729783,0.0944442196068794,-0.101130287018265,-0.0286258651652631,0.039703082339578,0.115421528729909,-0.115586326401076,0.168051083217895,0.0397459372753929,-0.177752011756048,0.124370862379784,-0.221374899556206,-0.112923616654977,0.207626092239006,0.237518664777457,0.111389004346189,-0.00246694568908047,0.0937060926271492,-0.110072054974479
-0.000306763411132124,0.082665872266148,-0.00862335489953033,0.065414656138261,-0.140108744891505,-0.0435100532432946,0.0958496262381659,-0.127062291813242,-0.0208846234791033,-0.0592918719703061,-0.149280064281975,-0.218548631462667,0.173246968902683,-0.197653275314035,-0.0731616320720433,0.203688927221347,0.15938194410758,-0.0557182767851402,0.0990608669987216,-0.205324442692388,-0.011132837786821,-0.196673456457472,0.00840592813551024,0.243750524444121,0.0959451970960491,0.051827960803846,-0.115175212891594,0.0695636477518759,-0.189410676759014,-0.116425113176552,0.414485627211474,-0.116087625102987,-0.165464792334224,-0.141385872906742,-0.118128853299853,0.035791417285175,0.129494079029563,0.142600040057525,0.284431519403448,-0.0245816113084419,-0.331224582788442,0.188472790728269,0.00240857173779673,0.0059319234711312,0.0820232678547016,0.0762901684402099,-0.0701962738146042,0.0355931702115923,-0.0238735975658001,-0.13483423705325
-0.231600352084583,-0.151867403556063,-0.139067449056486,-0.0185614193520433,0.0801924484762308,-0.244665171855616,-0.22064899283158,0.166042694088738,-0.111949825053696,-0.173911766267553,0.0894280383600184,-0.108845903782652,0.0117861219345788,0.0228216041292256,0.153997603500798,0.185690192943376,0.167190950003744,-0.171395376615796,-0.0291835466667858,-0.0102703167488875,0.00479323619851952,0.139993823005141,0.0214301602339115,-0.0343964049805007,-0.116080421035425,0.0375708084467715,-0.0374896709361344,-0.292886739911327,-0.0210745553924568,0.168575976911572,-0.11591119735966,0.0268973657744457,-0.0741235602176846,0.00875497043461627,0.170085560563163,-0.104423026603694,-0.116131138262865,-0.186435785771878,0.156503574526736,0.268219510485553,-0.167080608553506,0.16918058718351,0.0969636004319357,-0.149151566025921,-0.0726805826772157,0.241937477771103,-0.144569119848971,0.0819855723489152,-0.231994275396048,-0.103797733591378
0.0433068160035925,0.063701594058661,-0.120643612262002,-0.147108262627497,0.131854933374408,0.299918284225706,-0.321569443950606,-0.173818824442165,0.15390703013934,0.0729523305972881,-0.315426067084496,-0.0850584898679005,-0.0731657287692847,-0.0126916475418351,0.124663802733703,-0.00699701888137541,-0.207695723448343,0.240858536957932,0.110083112928133,0.00354925517602997,0.07523239304754,-0.135280124337945,-0.23260625838506,-0.0540587481144079,-0.0163520181374325,0.0685101271099135,0.3999369708572,0.0040087968368629,-0.12436722280435,0.264594182182555,0.0744132456271571,0.0760085971150336,-0.0498251490067882,0.307742502708106,0.350601533376553,0.089523160204273,-0.0520645535400838,0.421369504506204,-0.19499062134425,0.0640264655265628,0.0891165540349095,-0.133742093960841,0.1874682955984,-0.120838300522415,-0.00531320673348105,-0.0416460262202149,-0.138870938124287,0.0277559055917369,0.199978882425356,0.226081275122984
0.0450506407263104,-0.00548337101738909,0.048782937006216,-0.237603986094234,-0.203514271642367,-0.0746205364195996,0.0257133441893717,-0.187299096705072,-0.0989347104189453,0.228495538277153,0.352948253010173,0.165584011131639,-0.101717620432678,-0.0895359707678553,-0.269375592400548,0.0461577933893501,0.0396767277540008,0.220824928311866,-0.205215595161436,0.00425238498961961,0.0196362282617516,-0.0601709345646098,0.264241617392333,0.00677273619550043,-0.021941777327755,-0.200470906384142,0.167931814127173,0.112699063216743,-0.137673930632649,-0.0921848807671805,-0.0898020174138161,0.0623439474508837,0.00178305287933051,-0.122297919699183,0.0353347647803852,0.112248065038624,-0.0222986920335974,-0.265726892745439,0.0207145143493255,-0.011994884262789,-0.0754738840262393,-0.0117221852293408,0.103920913805866,-0.165877606960466,-0.0986206829735614,0.382728630566013,-0.314661909000009,0.0299149827910773,-0.219023872935271,0.230128754603526
-0.0243772612329942,-0.0400253637351353,-0.037391952162927,-0.0938874038124428,0.0662181726744241,0.0364181118687056,-0.0876201464037343,0.1705306161542,0.00644334600372664,0.0210954438110763,0.0327086535778306,0.272377510573235,0.0118634157525514,-0.104037511792001,0.096749315206816,-0.213448403202904,-0.0853426913606466,0.181079117825247,-0.0824040914900014,-0.0775118287614936,0.16361944593293,-0.00853307984031217,-0.0547541152554166,-0.204607447291292,-0.109538201570429,-0.0103577496425063,0.203254627311982,-0.359142982894837,0.0128366718849872,0.090562123322398,0.0701893735510638,0.131892639496228,-0.070019368055068,0.249431462540033,0.101238880466613,0.0469421308260807,-0.078377187755437,0.150643918379813,-0.248898494973622,-0.0339113813550074,0.120072566899807,-0.016510249704952,0.183392158068597,-0.199225569338395,0.120083780177443,0.0920628213376656,0.0407094621084925,-0.0264991412923837,0.022689502687966,0.273452378644118
-0.116431780948614,0.0551268738032158,0.0181563513522203,0.0338450318744105,0.204039343291629,0.152874202780054,-0.17951860062393,-0.0554040393756321,0.20481953109794,-0.179261574890073,-0.118042060298188,0.225548010917437,-0.00923499510570027,-0.170187979101004,0.208221121107884,0.00545378678541303,0.253373942295484,0.178187534622612,-0.0337741504566543,0.0979825669545689,-0.0941666366954923,-0.0133959111391196,-0.023340185506943,-0.159188373518755,0.167263477887223,-0.0404154761535509,-0.164677989245683,-0.168001603499159,-0.0381703698964319,0.0661090437223609,0.0224284775848498,0.125165557284291,-0.104407650408776,0.178581070215089,-0.295958704014692,-0.170705944090277,0.191744359018884,-0.0626603461533116,0.0215525941490214,0.132088377707812,0.147547522788399,-0.258863003402566,0.267031556723103,0.336853066858266,-0.110543420309436,0.174548823263102,0.0683207218992475,-0.155805064630136,0.0288151682821465,0.0608815286935557
-0.0395818568026999,-0.159501777741071,0.201465661679768,0.00502357150006066,-0.213911723284521,-0.255381504156375,-0.0116435719049554,0.143573563742767,0.0323868840259118,-0.0612546516212888,-0.0776820168692677,-0.0162695760700184,0.0562484375064474,-0.268114952902604,-0.116678373533428,0.185310030815621,0.23400984098902,-0.0711554212576997,-0.101234446213686,-0.0439178596905311,-0.0545015248149274,-0.0217357830910735,0.0856457435651129,0.0883103266520629,0.192214813546357,0.08630694393873,0.0671889388814356,0.00905555550100663,-0.0345868563344126,0.213399166588661,0.070077064986891,0.0974821622349341,-0.0630594967441512,-0.115740672621674,-0.0353587890802526,-0.0472192291813174,-0.00116103233525027,-0.399026829020372,-0.0507655142650101,0.166910834234707,0.0587396628720055,-0.116769801088263,-0.107068355812882,-0.136500677950747,0.11094028565295,0.111297919209529,-0.177493546291493,0.0904595511900986,-0.152467030399039,0.230228243742506
-0.0251160783352461,-0.0573243417814952,0.0968650966934531,0.147702693379148,0.0232329274516162,0.134090060782081,0.101237006326208,0.07012290992084,-0.261926946099543,-0.0101563861372277,0.00404395306231387,0.125220433044426,0.0926954841097148,-0.0813030943771361,-0.0808289039601851,0.0579464158517545,0.299207381923092,-0.309175283015704,-0.179348854683399,-0.232206600490585,0.00836398712074855,0.290780899177729,-0.00347483267504806,0.207106792964177,-0.0261027086293883,-0.00790960758442804,-0.0633185184508412,-0.104445714440519,0.126428340064339,0.135782101068646,-0.08006798782873,-0.173963031584315,0.504322911461412,-0.390159946882884,-0.0661929170982024,-0.0660673482596701,0.0876640952302181,-0.234371246825785,0.509145936407824,0.128721844979803,-0.120494834918943,-0.0109126270576326,-0.0331957553949124,0.217275662313747,0.0130628531462474,0.222076520007074,0.0632639446794184,-0.186831919123126,-0.231008003259111,-0.19877896949853
-0.00794876144401097,-0.157568241822793,0.0869239203063549,-0.190522468298018,-0.146299497688601,0.0802353913359918,-0.0700583552611153,-0.0125784702923155,-0.257814321198656,-0.191523034920266,-0.109134782841464,-0.0434620874098098,0.0345574535105434,0.193975493549247,0.0440576104901219,0.114535161497454,-0.228375205280181,0.273134945547807,0.00341272199459087,-0.0232617683664828,0.064664720863861,0.177854739545989,0.145912387415092,-0.0150535104725516,-0.16959484046164,0.039579578122721,0.0591756307288354,-0.00317275252838099,-0.00593174070975628,-0.0982391409737779,0.0173389945954267,0.231155504077184,-0.159889090102725,-0.151605702525292,0.0697117033136818,-0.0428942566264171,-0.132605994316694,-0.0140984563621278,-0.0526380651021253,0.0161149391572738,-0.121876404007825,0.122700809736724,-0.00759571192635314,-0.296212611652987,0.0557821326775789,0.0757313643961955,-0.0455506320059859,-0.0903531893771031,0.171880845994576,-0.0910430792017903
-0.259772868022265,-0.130602312306658,0.0915063717597564,0.263180942618069,0.142281387090381,-0.0894305166331044,-0.166627895439069,0.147443321094476,0.200850290645375,-0.259187192266072,-0.000235433024860438,0.0713184599569964,0.0244730719331617,0.0990665353877324,-0.000136327316676079,0.322174216236626,-0.110897314831936,-0.210816187346826,0.115125274049502,0.0844747325362007,0.0975181435433045,-0.132863547197316,0.130237469839526,0.0245583187070307,-0.317821673658849,-0.0932459993661094,0.0785739813295873,-0.291731057467114,-0.337965190407522,0.128530367199733,-0.0389354127505771,-0.00886850010614073,-0.0271882594243735,0.121983964166781,0.121056516022001,-0.151533925198482,0.150610245036259,-0.206877886492928,-0.0119422958851455,0.140937839874973,0.444253194016707,0.131121278907357,0.285440404145754,-0.0707973891109981,-0.00654953187224804,0.101733699611677,0.188959758830841,-0.108622122893439,0.0679745998444705,0.149871234612262
0.0268409230031181,0.16194306240419,0.0404454711960544,0.15278046078747,0.0536887996444682,0.257961334260316,0.0143034791485573,0.268514120302367,-0.053223536039218,-0.301916206157356,-0.0999305725967092,0.234017697072291,0.29447433790509,0.18412171940799,-0.0880819928106411,0.172488113192818,0.0150559095110056,0.0391365952952901,-0.0591944321016171,-0.24222631156208,-0.169299654486253,0.0863957286766329,0.0834610558225136,0.162021102997176,-0.191459149261261,-0.141421568744364,0.0352674678312585,-0.0124752757004851,-0.0338293596315017,-0.0939636340081947,-0.20562109339621,0.0105457375287578,0.206442251455537,-0.191926338651461,-0.0508051626641834,-0.0439141263973516,0.0713244341243564,0.0581535473787427,0.167535468347651,0.038103983141087,0.0209882566098039,-0.184728206182802,-0.00812439706565743,0.034171711994718,-0.207592572252761,-0.143170865454997,0.204099022530854,-0.0924787998665849,-0.0545402828193771,0.150355856049637
0.109902504252247,0.00778962103844068,0.00134648916707275,0.0527697687033087,-0.0574376353702131,0.154136544586869,0.0459224026569262,-0.244942165100602,0.166343707595034,-0.207470015055243,-0.0233230574252927,0.014388893963491,0.103233331085588,-0.0175957134324794,0.0914830100604378,-0.184692374129172,-0.157104463083774,-0.131681453567426,0.127790850368954,-0.110643021427805,0.0823237364693985,-0.0836244640580944,0.0883656766419509,0.129054148871753,-0.0379675523668568,0.0179713071006355,-0.0417504984420832,0.184992235776454,0.051547913636162,-0.273379764606446,0.132251440937496,-0.114461860832168,0.0671078268827986,0.205010622726767,-0.241331081510283,0.0265258171642855,-0.00693641908398141,0.054459584787983,-0.0528750830956703,-0.182325692957514,-0.173550790299378,-0.0714969103126888,-0.0935720724014696,0.00126131163980698,0.105759762913317,-0.149432105632843,0.171714309822889,0.055071633956302,0.0722527470889071,-0.19188537635511
0.213450339662927,-0.00212359453394602,-0.104852283929091,0.0130883063095828,0.0775515464719764,0.211478513735041,0.216065354203349,0.0291199999033139,0.0621340015825109,-0.384312971920569,-0.120612194285103,0.0239571518889639,0.151721380004271,0.0665118223592176,-0.00291713343464064,0.197726939105629,-0.177072115389135,0.122584336867697,0.0182842186893845,-0.00748210876349726,0.217335336843742,-0.0159440503344239,0.0899713215488262,0.0548772239260005,-0.314415856431122,-0.0847222062393943,0.199714566857898,0.224048749980221,-0.326449612548481,-0.145469998910974,0.00135948861087503,-5.97045982154046e-05,-0.0497543161881214,-0.0666168954454208,-0.112247857258104,-0.41358432299149,0.0372375762831019,0.0456216919430725,-0.0107192458519206,0.108098427565837,-0.0584870115958589,-0.0929021428533702,0.131950285213817,0.0720044728723063,0.0175176815387684,-0.166250314254615,0.0361850288155059,4.25152395022044e-05,-0.0412072231771106,0.128511476622606
-0.123280226666852,-0.00567443225659949,0.063828823256892,0.0706074374801999,0.0702479448577453,0.0497459665703035,0.0952842796266174,-0.0587689222206802,-0.0181029781029436,0.0804936086241089,-0.0743418400059108,-0.0735470049985749,-0.348632205897886,-0.022088958969559,0.163400822722265,-0.0931443782578009,0.302521168492416,-0.0687124754902163,0.10695982567635,0.112378092072724,0.0469204200629553,0.0779038943791281,-0.103609492282694,0.029065578550567,-0.0502990953288322,0.25180771412595,-0.0273923689315563,-0.117379374226207,0.0166911312922875,0.226038665646481,-0.0211041016949326,0.134159564089264,-0.191180519278074,-0.0906597276413997,0.177401246031062,-0.176491520538457,0.138180333114602,0.00597315735324462,0.0298129782297159,0.192902804147722,0.137991341367083,0.0169710956560933,0.168689260899052,-0.154333154321169,-0.0504647107122587,0.191336552359789,-0.0117909286453655,0.0263458679808302,0.0980192530514907,0.108297268078363
-0.0439368291281753,0.287460261791373,-0.0513072374652196,-0.0656710000285561,-0.0655253627038014,-0.132233327553887,-0.0977450429123332,0.305761990012636,-0.212933591092853,0.0088785741550649,0.174955169779785,0.0324007300261614,0.28901409702539,0.0201396873159681,-0.0653597571591273,0.0774058970804115,-0.311268115299744,-0.0236627815117106,0.0367810473926933,-0.227868829580897,-0.000925756070930349,0.1530468211561,0.120297311821488,-0.141689975204958,-0.231963807933631,-0.0487460970093217,0.202875899821254,-0.0309031312028696,0.130891275074916,-0.169079284025071,-0.0648675373478545,0.0873067579683728,0.0261467443008108,-0.0197870482305504,0.0195915270791839,0.0176035169338807,0.0362178681657142,0.0974898846676998,-0.203346069465489,0.117168545246874,0.0202323283506517,0.0612354420371257,-0.0883823590514479,0.086817378727086,-0.109322709172631,0.117211969069055,-0.0878847543161021,0.112306749986893,-0.104903566179218,-0.115003319667724
-0.124245783874778,-0.0429138083887305,0.090306347324,0.125871135154274,-0.0405625511949517,-0.0836415474039836,-0.190697793496657,-0.118428042574736,0.0592796041630796,-0.0491002753025391,-0.228914165569194,-0.115624649360071,0.107714130030711,0.0033706102103294,0.0776560616830784,0.0195083630753595,0.335738733710938,-0.0434445646578347,-0.12251182656197,-0.00814696820775401,0.0765921679833972,0.0406986717942142,0.0243191319353407,-0.0447675154813768,0.0782808532749452,0.138156280460197,0.324536036484135,-0.0831875610143725,-0.202454952499223,-0.0308158809079379,0.171543374032172,0.0214015331928276,-0.338040115525866,0.116692257636203,0.167419193809552,-0.0510955435997873,-0.114650995093647,0.193370298714635,0.00526571026051763,-0.055775400745774,-0.13404887289136,0.0196791225201761,0.0772225911559146,0.120455710304874,0.033194241765827,0.327946085010345,-0.0765928780506068,-0.158260052834526,-0.126755416553907,0.208733882580384
-0.0558667514830427,-0.203623227677391,-0.0552947271428232,0.319928484138552,-0.128945442097108,-0.0797262708128645,-0.0722357909947267,0.117570086115759,-0.0719430752180741,-0.161540014802108,-0.164359066919891,0.211894073923364,0.315512396218832,0.0548475968108336,-0.0202232101839994,-0.142541388542025,0.0819295564559796,-0.0776052994778625,0.0929849966766528,-0.133359331187221,0.214910189137873,0.0051161308298301,0.0826012306408343,0.051008332237728,-0.0839921247141182,-0.0963504005736521,0.293498681425738,-0.0152446741684715,0.0612596389047339,-0.00999622985702691,0.0718963563890753,-0.0439804801536332,0.169223889346135,0.00949731051466379,0.105949552014376,-0.260483356021797,0.121972605876687,-0.0378900864169733,-0.126743354123188,-0.0541378650117205,-0.0412983043130729,-0.254122590875505,0.0969327829024076,0.328753498186925,0.0294423137989436,0.120147173401226,0.0634851294703199,-0.0430061684586143,0.17864171871968,0.100410110689219
0.0818119698594952,-0.0189456818688881,-0.00435132361407677,-0.0453676173355689,-0.173906308494932,-0.0561881457868172,-0.319259953564976,-0.0302254486878002,0.00758624679197266,0.0942918225640093,-0.27167044402401,0.0787796026887436,0.104027206296561,-0.000667163394018963,0.0616408684260477,-0.137073177698338,-0.0245500974687811,0.0592231832607269,-0.0491935924053953,-0.0231508905717937,0.0310650900886852,0.0558443050854989,-0.0907543059724432,0.0342621779589608,-0.0771835951278705,-0.210969311613995,0.297748533244657,-0.0869663780298034,-0.185159838863895,0.0921058337258326,0.137755453583127,-0.00267582335926451,-0.0460244329278292,0.0392561174665915,-0.0813888445324036,0.12205153707798,0.0624006223775026,0.116110380528146,-0.185486682595574,-0.105090116578334,-0.00365327530853422,-0.204006846022825,-0.00624321145295089,-0.00527165307129378,0.023712885290392,0.343196267253281,-0.0462338778154731,-0.0263873457916861,0.0202534595181758,-0.0830290017002496
-0.0130970500842371,-0.203344713021011,-0.0157020719492779,-0.0823276659410506,0.0820325635636779,0.0402611950917677,-0.255247209758683,0.0424309843670982,0.136963972959707,-0.0972481820565251,-0.105161571850734,-0.0259777427908656,-0.10467423342699,0.0413592971185999,0.0762621292732984,0.207059088605473,0.251806788574652,0.0968212058943014,-0.0625400845808734,0.10907617505693,-0.0528159224159936,-0.157630590837014,0.074568069680404,-0.0157574435980264,0.028068029627891,-0.0795798060512496,-0.116979268469738,-0.148852776409873,0.047028992253741,-0.0454790014384829,-0.0315373718920781,0.160219618961703,-0.0877591138480776,-0.262099198065695,0.0259882677508022,-0.612293435515652,0.277593176413925,0.122566004449052,0.216975453737112,0.133342865336805,0.314019902022293,-0.0529269146584363,0.327284260436655,-0.0152116023939416,-0.184542904410867,0.230209116680694,-0.0680708051038615,-0.190030080644317,-0.219745050431298,0.09318440446706
-0.264769558412576,0.156142421857518,0.118697588923072,-0.0219913223205522,0.0986575091900734,0.106794318868097,-0.280887422077041,-0.0174821249894299,0.0285963243840473,0.18420561450975,0.0884325267980648,0.0531393063254965,-0.157923942256718,0.0533859239095893,-0.0554899416101545,0.00288198719420323,-0.0387903752543253,-0.0437889890376006,-0.0407537789159617,-0.0136450796958024,-0.0335093493975311,-0.0443910735453712,0.135170979518031,-0.0739590053779448,-0.115668188964706,-0.0145781382860629,0.133477790172697,-0.209846296261814,0.0271980841987116,0.179645322021939,-0.00910991659277007,0.256378989543941,-0.181828848248896,0.0229810134836921,0.230982990507843,-0.0589269972791543,-0.156617006583239,-0.097279981434591,0.0626289028157467,-0.0480207569594266,0.194881598273455,-0.0179135799850979,0.11588382598465,-0.10955954360899,-0.178736064225923,0.378396439049119,-0.118736684773196,0.0283793568775334,-0.0308089248721322,0.0725909536359068
-0.182554855357687,-0.0200464616788423,0.0475201888944883,-0.203848163544265,0.056241659317549,0.0716714887848949,0.0665408225507929,-0.0902228209499304,-0.0299673157728346,-0.0851318039622287,0.122428737681136,0.0288888669154854,-0.0316993180471981,-0.0216259346652462,0.0707004450494498,0.228636369738361,0.0354170811599076,0.0342601998797073,0.0477080202366494,0.00332524531277509,0.0847434019072002,-0.071926648335489,0.0384635567834689,-0.0905089674862851,-0.205462268814993,0.0872086449383991,0.197819838566188,0.128004699348746,-0.251104608120821,-0.00744552167922961,-0.197711991954773,-0.0798691570390698,-0.0685278614359021,-0.163225139353679,0.044278252921537,-0.0900367073341374,-0.181242277817449,-0.27304763139565,0.257777491590861,0.0447459116652816,0.113162181732859,0.0443519676960917,-0.20087123235407,-0.0815320546065398,-0.108143904430039,-0.213031692022171,-0.214259713775187,0.065276058054847,-0.0692734142665104,0.0761083700235753
0.0947183270093335,-0.0387648030361984,-0.18443547471831,0.323366912158486,0.0245679924214069,-0.0718824299143749,-0.00138868986861702,0.182278677142092,0.127285523733952,-0.111433134171549,-0.101930034883183,0.196409718432444,-0.0511861471333761,-0.0465332193055465,0.03319458209969,-0.0592427006384945,0.111808950794733,-0.0286195773635364,0.00497385053390401,-0.0986391810206651,-0.221718999008197,0.130365599725833,0.0400303954246258,-0.0137289615295066,0.03997918398917,-0.00119606036196151,0.164828513645178,-0.184332280673171,-0.170550004805195,0.15122911767529,0.0780250770854436,0.0511451183650955,-0.0977811228319814,0.106332667892364,-0.176359880463747,-0.119787782883468,-0.0647556668802934,-0.0540218134957802,-0.100739779033203,-0.153170420740805,0.154600603475081,-0.152466238793916,-0.100914013705192,0.229261500746844,-0.0462920756561387,-0.0372154041646453,-0.254053648272255,0.130862589865858,0.100389104766354,0.137043543659143
-0.0730171432873281,-0.126080807589367,0.100052645537801,0.0476719902306829,0.251549898248429,-0.0264339384364238,0.147927680020435,-0.0391052078776553,0.0841793581630587,0.0215854944115714,0.220889356829625,0.294732127456507,-0.191613056148195,-0.0367457379082065,0.0328311973868359,0.178458792253217,-0.0461738055689458,-0.0800903013316009,-0.015277641934594,0.128147246214871,-0.0486129037115418,0.0224269508461726,0.0103627738216915,-0.0259839868591698,-0.00820507293358768,0.077717625388932,-0.0760250732143821,-0.123212196462555,0.166970324801788,0.0478680776255813,0.157427484021795,-0.0333240722538,0.19373473532782,0.117533525550874,0.00518959448209251,0.176669225452338,-0.0257403741095127,-0.0830929576292513,-0.0687195495214026,-0.0378051181375377,0.235791366802455,0.0556510225420308,-0.0107169820868965,0.110377866348515,0.00918958220929301,0.169178278105023,0.31203311189725,0.0433569678502097,0.306623407761359,0.134461130828772
0.0536098365937906,0.159410228028781,0.0536395923204363,0.0631224100501321,-0.119089439594418,0.113202507530428,-0.122875862929279,-0.10819695000332,-0.118333942996137,-0.0594496769861761,-0.115778534162098,-0.023484515287545,-0.131300220563614,0.255113361247547,0.0974310948053788,-0.155608646794437,0.128197680549013,0.0560434137252111,0.0212620500935328,-0.0778633380356031,-0.0124881491497091,0.000119859489208295,-0.119175492765246,-0.210465636046449,0.0792140412321572,-0.0503631480408128,0.0677128867315607,0.0041436175566191,-0.057120029625392,0.0641149406079355,0.194331030259698,0.154288539172536,-0.0677560774187137,0.218100811172029,-0.0706156815063365,-0.114290808706894,-0.0721888180027194,-0.108212292041413,0.107056106859205,-0.0437332441482557,0.0107690496506875,-0.129742069652061,0.0174218780064703,0.0627810996861353,-0.0597921227997775,0.171007259756268,0.0233992792503886,0.0640301329340171,0.0126419055528498,0.160912005160342
0.104467291330737,-0.0793665401306764,-0.0518127841956921,-0.106688128161174,-0.0546068606562426,-0.281633905287422,-0.0376788407586774,-0.0349700575622593,0.0299140318300878,-0.0336678612266295,0.0946220135220073,-0.0714126081316453,-0.0707299304891197,0.019098773812709,-0.0848704048384658,0.0670726005569056,-0.119150415901401,0.00125845089391007,-0.0717501352732796,0.107411561268219,-0.132473750168536,0.14423537066418,-0.0132037343331356,0.110119879406052,-0.0789125914643221,0.00791123955274009,-0.232144835860965,0.152057884814354,-0.014801969942352,-0.0346970735245345,-0.107210399236634,0.127835041142477,-0.105280791884777,-0.0654070587698653,-0.0507359359838966,0.122774966336927,-0.10244710341015,-0.0983701290218847,0.166846088552595,-0.163689710226066,0.00339600183529629,-0.092234839075215,0.0108352107900153,-0.0946053176949878,0.129762129134067,-0.0218448215402448,-0.172601431642004,-0.229855132766442,-0.134457172795674,0.0923484234148143
-0.13331470382,0.183822489913202,0.178326197206158,-0.0438206389104232,0.207813503514214,0.240105742417991,-0.0537324086185773,0.129515643448739,-0.0243723595523663,0.0300597475934368,-0.112994821940927,0.0637493564105452,-0.0806545514829384,0.301633388835099,0.0924642489995093,0.0358314543798777,-0.180073882782302,0.0114561926145182,0.0452491741385684,0.086519738750757,-0.217856495428289,-0.0079212162517805,0.161473317108219,-0.00426713425827498,-0.0472161724574914,0.112104078315204,-0.269109766465775,0.197673412887355,-0.0237905744781604,0.160501678246407,-0.179376133553211,0.0188521244348145,-0.027936435045005,0.21434825407472,-0.0398409463562922,0.0956376776397659,-0.142577084337142,-0.291103446112986,-0.276205744587388,0.0295443007941065,0.151737316825761,-0.0825705877938573,0.171625123837378,0.0465310439304303,-0.313011566448699,0.0451077931395747,-0.0708319276713605,0.00537532648859239,-0.0926196236004148,-0.0148365597156146
-0.00751852258992958,0.109843589536561,0.0349680487164372,-0.0543742765972806,0.0339299707495353,0.0318151774442476,0.129529966939835,0.0083332182982007,0.0133627310393629,0.231092770561777,0.0946527356190239,-0.17561448637485,-0.0696560186032352,0.191011679154862,0.0421364855714882,0.13082513408631,-0.220798160374829,0.0784367706228445,0.235354684094003,0.0146586268634206,-0.0717100557309824,0.0229564260111943,0.195451107014307,-0.138351111041655,-0.105610791761192,-0.0194039268290773,0.151068429250965,0.291385584325752,-0.137695053025856,-0.0885115763708683,0.0129014821046329,-0.196610172853876,-0.0607276572427771,0.0486070776652517,0.156776468050263,-0.0313048914006363,0.0685240604212134,0.0437226239637656,-0.268262370544927,-0.196415753885656,0.0557102736793092,0.021207571279102,-0.154849786618435,-0.0464723687258068,-0.120770414547484,-0.0438142997130795,-0.158920624715068,0.0422508743169889,-0.164947598706122,-0.184104716363371
-0.124429027786143,-0.106481699847014,-0.123045400521788,-0.0639431680182224,0.344984289890048,0.250206259840125,0.14420784042386,0.169946860308554,0.463386858769981,0.0326533278796352,0.116767652494211,0.0445102362181737,-0.144505388729035,-0.0669466278659836,0.204165988013235,0.0682875435446015,0.286572369401357,-0.0186407423896794,-0.0311712162609219,0.0866481669542645,-0.178981441636713,0.0291924643320023,-0.297444933644455,-0.0546057529624408,-0.0520861228837195,0.015277314392016,-0.0636790600336876,0.0346818297844896,0.0748708591012635,0.0646096792084474,-0.0276469224208038,-0.1426580439411,0.0335185479778302,0.126270565703952,-0.135400887289117,0.00138805841334916,0.0621653801949102,-0.0312594489857905,0.219965399964347,-0.00198402423622438,0.286483075670637,-0.0135334167957084,0.151801395145272,0.132559873003217,-0.0124071537664571,-0.48893536690973,0.285684810952115,-0.000423826791209962,0.314085758520175,0.0276923160123055
0.130861737996331,-0.112755207446911,-0.0889830161507994,-0.168375146947347,0.12390111594224,-0.119098872643113,0.145886371816495,0.0326302349018508,0.0414900011040934,0.194165343852639,-0.10803011761619,0.103745605680678,-0.0525043906837632,-0.129227341401495,-0.105280170791726,-0.233108061547733,-0.0461268755942999,-0.0973704013790708,0.18770924816839,0.3235447263513,-0.0371914430035658,-0.0122965734495383,0.0107725156575256,0.0284378329882829,0.151283099289733,0.0884650211531504,0.166021774778345,-0.0426233909820798,0.130985363355713,0.0911480606675371,-0.283620497171017,-0.191582602895118,0.226656003175551,-0.244564638369908,0.0901727262840862,0.105756711538359,0.187180503701898,0.0578069926096806,0.15646420286585,0.0860315209571161,-0.134768018731204,-0.232070440599891,-0.125268245642064,0.100473479014676,0.0685470734805367,-0.146967924908409,-0.153316216754061,0.274214183790583,0.0807899533800554,-0.128801776142717
0.183371957500426,-0.120328922989818,-0.0353256329646213,-0.231845444372531,-0.0596130673471988,0.152167619157799,-0.149224251087559,-0.0740446664698598,-0.0840481153140684,0.0305115068416524,-0.0675970829822816,-0.118481706688024,-0.135603602776295,0.142779224428679,0.204574878327604,-0.474426216916522,-0.10908737202256,0.0759082540605328,-0.0602545997032656,0.0831185955504471,-0.138515260548444,0.112854836242769,-0.158022670726304,-0.213087592690314,0.0931230992837878,-0.0291537220170194,0.00167531859730582,-0.0440614821740569,-0.142101271465492,-0.113639091169301,0.113549774484795,0.171787893946951,0.0190638604240516,0.0510600115356496,0.0849405236905723,0.215847480711239,-0.187286114428514,0.139076447073155,-0.186859008040331,0.00965423238233602,-0.237004315536146,-0.187310549666965,0.143066491748239,-0.25739880366399,0.124496384247052,0.0275801281309895,-0.156202941373686,-0.0404629193498769,0.0610213265540224,0.077752663101304
-0.19195940968354,-0.0843073367400124,-0.0895971851483543,-0.0127390226492224,-0.210966464466978,-0.183723456763578,0.0497644380763173,-0.0430569451615863,0.188457023345208,0.0805499981477757,0.03898145292479,0.0724200700638699,0.13194815810663,0.0702463808843947,0.0161129754727671,-0.253169804707012,0.0998664594093811,-0.121667497230053,0.115245264398983,-0.156957920783326,0.0406160526831641,-0.0186014060350775,0.0252239789226806,0.148384753961636,-0.103358803430986,0.0725294086855106,0.0672875287808219,-0.0210240938819417,0.163129324941615,0.41751417213944,-0.112708594649407,0.0275056044447173,-0.0194676031719726,0.0941069790465467,0.159925467572823,0.234716385401207,-0.133571397173035,-0.212352464492726,-0.0721650694115767,-0.198438814847302,0.0812048336073052,0.106275121560371,-0.249142855200144,0.134678895555477,0.00890653795960267,-0.0661951959667355,0.0810603492623477,0.0820329341451815,0.129859773148443,-0.164982029629992
0.133955860626362,0.11341400191895,0.0760957394166304,0.190707312941209,-0.227970353964724,-0.124062348751038,-0.190619517766364,-0.130079108662176,-0.0185703797638841,-0.343401825128159,-0.122306414454662,0.0617904351064352,0.380908483680623,0.311980201015486,-0.0490440147123357,0.31227782003812,-0.25063384027277,-0.145303090173918,0.00503383121402793,0.066663050994465,-0.0368443455249135,-0.188144364569471,0.0782775968012905,0.108090613274231,-0.124373321007205,-0.148371175789754,0.0802980015619423,-0.129137229055294,-0.137201348058609,0.0662926396463212,0.0712639021496593,-0.151293913216204,0.0718181516626321,0.128724313285412,-0.313116671186611,-0.195957566137482,0.101352803034272,0.162282626128125,-0.145989319230126,-0.0272809570009979,-0.0812499096465492,0.10080285842282,-0.0895728087061023,0.139875858239585,-0.131937820639653,-0.0430049736924262,0.11172236444134,-0.0441172489233934,-0.00106026964544166,-0.060544662365235
0.313280474550284,-0.17585819864176,0.0915130105386092,-0.233963540444635,-0.199301167671495,-0.245914792260071,0.220217258665954,-0.0755170365671856,-0.130602877998089,0.107325989831761,0.00287127221819716,-0.0191492202965877,-0.255083305304807,-0.20276332100545,-0.109906682694371,-0.193712346943907,-0.117205529010799,0.13709887638752,-0.288831202224546,0.17234070016711,0.0624415134686473,-0.0887318491917258,0.0779839414644564,0.0888177936860417,-0.0743761665894012,-0.111828666028613,0.0724501522216211,0.19718728033332,0.285749809454634,-0.0651371477030136,-0.141486699035021,-0.188570508315908,0.157279242850282,-0.237995113443897,0.250258534521707,0.0333471128915971,0.0878996828249611,-0.103423286529032,0.1130752861983,-0.00942110831785739,-0.225636419493661,0.0553484001703386,-0.125759013685488,0.0241076256429198,0.146318519891594,-0.0873035944868925,0.0235181596887276,0.0467965222369161,-0.297578319283686,0.0161201897326483
0.0444213210040661,0.0442978434364235,-0.156127930880052,0.0500602848427847,-0.141292319618358,-0.0806766763579724,-0.0902685966306064,-0.0117164380535202,0.0901865428679225,0.175776830261278,0.132908452502441,-0.0338257657154552,0.101227564172929,-0.23680915389223,0.0568802888039087,-0.0249455014147719,0.0372304282858159,0.143478145454332,0.0704240139463113,-0.0802497072609635,-0.0687416547491523,0.0612320438748107,-0.086994332340841,0.0178279913321739,0.0612416781942444,-0.107507061630131,-0.110003274578435,0.0355944912411832,-0.234317843412493,0.0529684133377939,0.203060303960394,-0.0700557829453512,-0.471042088849867,0.0819276762643784,-0.0122335144286048,-0.066827312936463,0.185796986631604,-0.0107523648638604,0.0172509719533263,-0.173179365235469,-0.208773960788442,0.0681311071432945,-0.131408084382887,-0.0390881247301915,-0.0221847172461589,0.202222853322998,-0.136579882561642,0.158844162170179,0.0647750861757559,0.117520620298326
-0.175113624733096,0.151104150934405,0.0531661250892265,0.0440486519381447,-0.250962769271153,0.0237375278018848,-0.0769379037386376,0.216195326154053,0.0124951678530093,-0.134666205120967,0.101438182524974,-0.18375482006841,-0.228204968702377,0.0108537143740492,-0.00503735853321146,0.0495798212033089,0.184830497415786,-0.281418882547991,0.00733075496360657,0.185198095479969,0.0463937101141702,-0.102407261992805,0.0406552346518404,-0.0460436933977507,-0.0849328600820128,0.0496781787892396,-0.0284495420297759,-0.0870838841756886,0.144181524231825,-0.149795501805842,0.144800105739015,0.0440329773507359,0.236212051803281,-0.0295262780703744,-0.0555553618969132,0.00711321161815584,-0.218774730090919,-0.342288798062819,-0.0295931838240798,0.0687898825264596,0.0978586109557231,0.0305997764910209,-0.0297230845871855,-0.020948176970922,-0.0138141715725796,-0.126321944788446,0.161370407446655,0.144624763797151,0.172962540066049,0.0903896147617854
0.032809780359618,-0.0599154892664034,0.131547472968655,0.0182549120701434,-0.0464712350697276,0.129183947155332,0.0158180024437463,-0.171811330289948,0.208047637820466,-0.273034677750343,-0.109808633685656,0.0448687010981908,0.100375586843477,0.15413328483785,0.150770562209143,0.0959980950263051,-0.0441894193339074,0.00707240062120839,0.075266377183656,-0.124423842775749,0.101570259844976,0.107620777690354,-0.0764943290648762,-0.00508495983053024,-0.177079930065906,0.291385115729111,0.0555045215674029,-0.0666481802271249,-0.191280473996475,0.294394342405695,0.099143020060707,-0.156748966080216,0.140446440372747,0.112401899539964,-0.00398452726861785,-0.123460067592399,-0.0800925629027441,-0.18071004448311,-0.155125962291152,-0.285181497083969,-0.0633677387896916,0.166774858546123,-0.245771690735649,-0.00773036616597358,-0.221074382527896,0.0172071246643901,-0.0666410587360503,0.0861749172086158,0.0359324344616274,-0.141628295572287
0.101389428132643,0.155836670327625,-0.0124045129788221,-0.0413703031914314,0.0451416504246008,0.151911556431241,-0.0784190382849284,-0.00850579477136744,-0.0675061832251106,0.0327316748448066,0.111600817170432,0.0795443347502827,-0.0339453104887986,0.108128237108472,0.219501847975625,-0.19441830585839,0.226215140282005,0.245207132951935,0.180854700081467,-0.0231654189501218,-0.098555110987863,0.0383013807847837,-0.0554867781898051,-0.164426268285758,0.0268159666268072,-0.00543627408685555,-0.22194736689333,0.0355106048052241,0.180099764505171,-0.0660983711883408,-0.142222636569438,-0.00126811351497933,0.227263392429039,-0.0405812777995865,-0.0792387540596815,0.244957266201429,-0.0643067171409038,0.0226791096138471,0.0549732447421139,-0.0175155639708144,-0.00216777971928204,0.0492677832819383,-0.110695680598092,-0.191318741889144,0.119003763457025,-0.0986021320781366,-0.0384614080484035,0.0639401929349038,0.118171357528253,-0.0319519414890013
-0.00182170515051895,-0.108959394195897,0.0495798064782753,0.00765778700246146,0.065083390667417,-0.0205447846123294,0.114779734360846,-0.133351704173403,0.258951323319334,-0.140416936041082,-0.0754730247534891,0.116512788714608,0.118092359383555,0.0666076794351674,0.0687368328162102,-0.0474689091425774,0.118335554897214,-0.244229833500749,0.0983306423443252,-0.181620362716873,-0.272493386479064,-0.129088580857852,-0.0539407562488023,-0.0332839544236542,0.2514686380254,0.230592266994453,-0.0404949470032072,0.0589988116579459,-0.158794125874684,-0.018076551015139,0.0671754199510802,-0.0853502993434728,0.248476850868606,0.229962839656146,-0.135556702273819,-0.121086963516009,0.41072125146991,0.0631158802168204,-0.0429746939467656,0.0198927537895335,0.0655100509883401,-0.171953929737113,0.0558699000742855,0.0301958903539677,0.104189235046541,0.0773365837731589,0.114547379907503,0.148075445238082,0.287034593073638,-0.087251038005613
-0.16804246261379,0.0200051074008357,-0.0850500040743245,0.133749027610561,0.0561647966975227,-0.579935252214502,-0.139943205919516,0.121867156379345,-0.0447118054698595,0.10534081201029,0.119353322080339,-0.0323270155821281,-0.0179151567494537,-0.200956654102884,0.148434613486776,0.0743740015747077,0.345724889395354,-0.256531793047168,-0.0288109885704491,0.130743460150466,-0.121009080413949,0.173314756967909,0.144351095189821,0.0670379145289537,0.0666396250658622,0.00260023775845395,-0.314944693384665,-0.0639602178633634,0.287801831314683,-0.0660269385923226,0.0244073251338915,-0.0358239446921827,-0.10053154653846,-0.0277137524684478,-0.362842332070141,0.0912496218095394,0.0525892889253743,-0.250634081312776,0.217785381279647,0.213450087486133,0.00781249314888071,-0.0204373581411936,-0.265941709998314,0.21735671704403,0.25094303724338,0.0110501453276717,-0.0550807666290921,-0.0649239098162421,0.202681886296751,-0.171159592557379
-0.0967578429211621,-0.252635030497477,0.0567019171095418,0.0500984715680837,0.0409081402133084,0.00271250570107819,0.127415725874105,-0.0744676056386373,-0.122645574223278,-0.201592939857869,0.0681047722543672,-0.121315617579763,-0.204479464792121,0.0468142430357665,0.075223542674329,0.0532135509370866,0.158133475882894,-0.251722414481876,-0.179621119073356,-0.0184512615321477,0.00926085031901773,0.0937256069568029,-0.0358796015685795,-0.0727000962984744,0.114852373417532,0.274171756402907,-0.0904435635671527,-0.374344557702553,-0.229504587787523,0.0605244257300998,0.131822107664813,0.141083492666784,-0.233183069622993,-0.16265862142784,-0.0452264039886849,-0.369496080187509,-0.129988009103925,-0.242192852236116,0.0762132883859455,0.113393500807878,-0.0888453125585731,0.0897809688470382,0.0836773653720366,0.167711104709731,0.210785276285648,0.0506804259587945,-0.0134560322464072,-0.122671439628448,-0.0297044472108403,0.0783442125683052
0.0184319773540241,-0.0202519462053,0.088799904953536,-0.372014719149816,-0.0595785915076276,0.211216036997514,-0.122391055599981,0.0226752925737599,-0.198600632204807,0.0824151491477285,0.0354225756880621,0.0756842506419974,0.24115105662701,0.070110909051074,0.101379712208008,-0.117533906120164,-0.233266307565177,0.123546207647838,-0.135645020305785,0.0989537581346477,0.194518805020937,-0.0735292087412016,-0.120047815592005,-0.0227829665287908,-0.0927231278368566,0.206785591327245,0.175741274844155,0.172704247650137,0.024132334986846,-0.312714819194585,0.139862232399853,0.0887183023885403,0.292051271426617,-0.0947325002087053,0.0859495059094988,0.235991973853454,-0.0769608321845683,0.037797643327498,-0.110006744469851,0.0218776725409001,-0.0658392052056618,-0.190972921871401,-0.0619549580828514,-0.264576997753851,-0.123506209846122,0.0870790772108278,-0.177224490391106,-0.0530318845628406,0.0659644114868747,-0.138911948142343
0.0251786171235237,-0.12716374670712,0.143090812027113,0.130563481088662,-0.109483607905923,-0.121177323224225,-0.071957298741738,-0.0637545489004484,-0.213269778468407,0.0859479444800736,0.171602493220935,-0.268034719328551,-0.232667711817727,-0.0328804429644003,-0.0423124236183298,0.0229868270706357,0.0993947137659158,0.0263626033493153,0.0727750101636619,0.0510586728384776,-0.00643781777683881,-0.0290027791974112,0.120889151840097,-0.200926529203624,0.201271461548429,-0.2687926071078,-0.166199377383206,0.0949318928922418,-0.051531834728394,-0.381779635098646,-0.0468981632344994,0.00722585702678998,-0.199007558071894,-0.0810147653750805,-0.0269324628066675,-0.236301846751546,0.0238455565129723,-0.133420313310524,-0.0344252480336531,-0.176070340687677,-0.214682949561786,0.00149217242419845,0.00996433646878515,-0.0123465034655469,0.0377326018499036,0.0975750803312359,-0.105714443862601,-0.305504886869283,-0.113764159216661,-0.0466543957846337
0.0179672909529102,-0.180491252275859,-0.00581848898264811,-0.207047053497498,0.0900619682111732,-0.0433178769884489,0.191752681609318,-0.283784221343995,-0.0144189481228659,-0.130181156686537,0.0738279684993337,0.0384747858059701,-0.132630907127551,-0.0130718628416491,0.0158360166693615,0.039471623720669,0.0754866600188506,-0.0176016037274071,0.0271790425177603,-0.0189629872731807,0.213902026505609,0.0411415272423016,0.197669905932347,0.0580302102212534,0.132682794915178,0.13716406591418,-0.0554116950518438,-0.191550990101172,0.201874401351589,-0.156608865075009,-0.127303654957143,0.250032394842161,-0.097516622218731,-0.130072307792904,-0.0946894251319507,-0.054290581079593,-0.0242715525630433,-0.114811716089673,0.0825211012588872,0.225215403804671,-0.061347949717197,0.202425651647278,0.293113861829257,-0.222178445396267,0.00762543189293956,0.12561562880978,-0.0315029545939518,0.109392977806926,-0.0216990894245448,0.099982179412284
-0.054772198811235,-0.121459457425022,0.109998153512881,-0.124558479072723,0.197396586850936,0.26858293854858,-0.171006371908215,-0.0178573416815883,0.215266781695828,-0.245051307800019,-0.118659228424058,-0.0648701351572107,-0.12992643001346,0.186667309492679,0.28217366450215,-0.0748949010498246,0.0309023108781601,-0.0846421602623974,-0.00479054100127886,-0.00868033748886106,-0.134103538326941,-0.103357431767117,-0.282643020878887,0.0168793000113992,0.0844629025142767,0.249928189330683,-0.179669942458181,-0.0470024629541357,-0.0100559584583374,0.140154838227016,0.0388339922594765,-0.00426582179793234,0.0874821575810377,0.191922787053472,-0.228523665397393,-0.0122562972194459,-0.0849499496352554,-0.237712268919772,-0.0112362370210027,0.00435278784134667,0.170285730379873,-0.0169877029578434,0.242885930660759,-0.194449906863564,-0.0750123183511228,0.0438267141589969,0.265206244646073,0.0367975071504157,0.159703063818297,0.302382384043237
0.0378996314945357,-0.107307901944649,0.179782392067899,-0.0984569679525625,-0.126660282190357,0.0853937541366588,0.0763149016073922,0.0115013440369075,-0.194749363948657,-0.0285490247925284,0.0946844737284397,-0.0054983145976598,0.135123700170461,0.337786038788678,0.0445179983146767,0.0644666419635832,-0.13748439967654,0.185919149977412,-0.0766794053966594,-0.159422309183551,0.106776019337975,0.121600175579858,0.0270604826925684,0.0783372095713184,-0.048994853063908,0.0968399513426762,-0.104030420264426,-0.0911657833866417,0.0650022345958423,-0.312654822232904,-0.0414136451413517,0.00477038571201412,0.0451228894130331,-0.28766562261697,-0.0483943799219632,-0.107944889305041,0.00551253108718358,-0.245305691144406,-0.1371902172512,-0.25782815742342,-0.0129593211995309,0.00157208632191795,-0.128797259710046,-0.000474393729712557,0.000657802352784971,0.199560628454789,0.19134752412898,-0.128895275375482,0.117059996385172,-0.015780216243657
-0.102614908059935,0.060111645666834,-0.0606690168062769,0.0425338700365615,-0.263622150071364,-0.177252092333517,-0.293297354292789,-0.00953359216419149,-0.193815374646576,0.145897474994342,0.184412025449498,0.0706928228332279,0.264031826506269,0.278642176485069,-0.0595451763811876,0.149002625082018,-0.305569554092238,0.133669514485477,0.0231049083373349,-0.0268551956019999,0.0440353250943856,0.188663673542421,-0.0729889130141175,0.0691074738405889,-0.0290264669181567,-0.389638356678696,0.183377490385607,-0.282539080693469,-0.203744970793245,0.137225065575834,-0.0112112021545803,0.0375571013337656,0.0539526944248775,0.171876956176751,0.172082257332399,-0.134230936946698,-0.0598489822024462,0.131385101156081,-0.022494995247691,-0.145012842880221,-0.0347555665476606,-0.0272632559435905,-0.328513560460732,0.00793330719523442,-0.103527148765966,0.126239789766012,-0.219489473322375,0.0309975132784433,0.00527787792662014,-0.121707980883644
0.0794776024953196,-0.00407136817748736,0.0371895704595621,-0.0370792973894413,-0.134007181699571,-0.0488223929051031,0.0604328371841942,0.0139312206813194,-0.0276310796300513,0.177446331540618,-0.0894068303025271,-0.213054686847442,0.0950714614269731,-0.0272165585036195,-0.172469215655544,0.133215566866208,-0.265620272793728,0.0989713201013081,0.106728308333452,-0.0606826124707971,0.135469097849548,-0.0424472828257436,0.0650228305987949,-0.0830504957261464,-0.0267596224547614,-0.0420842059720055,0.191933296322837,0.0504819961128445,-0.208311927191936,-0.125924584245557,0.0778201893950669,0.0779930646236414,-0.0974247810455654,-0.182433941989503,0.169716294566582,-0.0405253385013789,0.0917364295726844,0.0880326211083563,-0.0155497854743684,-0.130548371794886,-0.170724285168391,-0.0805178999345558,-0.0487253855593644,0.0142341881197121,0.20331078085642,0.159557025407524,-0.048201142423467,-0.0383210644984326,0.00536811428450779,-0.0202190491197624
0.166991434242257,0.0289840916710604,-0.0706438639206956,0.0239545988372392,0.0851213742723094,0.193571728136124,-0.0389080915308861,0.109774809160158,-0.267955838835685,-0.242170490312384,0.0554511193993186,0.175821633535927,-0.00220462213353648,0.181723917922904,0.135085154577702,0.0604127470059082,0.0103834584631847,0.159726252668495,-0.23476167552696,-0.279988258657978,-0.105930131942671,0.436403903608774,-0.00240537170315369,-0.0929306852179145,-0.0283553537186791,0.054865775960057,0.00759400828694732,0.0232498492643241,-0.00338572608673255,-0.250464358045559,0.101546675322021,0.0608101658473312,0.201020647476726,-0.161780470474966,-0.112570826395289,-0.0568890341655374,-0.0849255980505663,0.0106050180720092,-0.0417982175784617,0.173997813912035,-0.0479153106353668,-0.21151990987424,-0.0553003015700066,-0.140666647379248,0.0389948383154007,0.100229393175021,-0.0261435725459023,0.0494156202617678,-0.040339674126677,-0.0103083647811595
-0.0190493074379781,0.0831645087193281,0.0101474741033258,0.0227745681371734,0.0117928118030618,-0.116178384753854,0.180295492036015,0.0778882856698309,0.0758548290783743,-0.0425416359045993,0.329911571830539,0.0728759732849639,-0.221003977950379,0.12562809375114,-0.244541532597772,0.029559720253287,0.0774848649269336,-0.0604063622871249,-0.125193279001919,0.193713397762326,0.0814168681565746,-0.0467476173880862,0.0657376042853074,0.337883390553336,-0.159225846988234,0.285290424595702,0.0562719362075442,0.0651787044825627,0.180970424992994,-0.178438032104797,-0.117172241380665,0.0273381744347776,0.2941050562146,-0.119088022055869,0.09834304801178,0.315471866743844,-0.260519813739282,-0.195590782032334,-0.133376862576179,-0.12207546520086,0.120211670010284,0.0980939702165453,0.0232870788376954,-0.0392527037682471,-0.165838632695212,-0.00775344380395686,-0.0690614271526453,0.0193770124985089,0.0347145994264008,0.0523995989952473
0.135556173409914,-0.00357564563765355,0.195095321410988,0.31852198313966,-0.128127441307768,-0.140075526431407,-0.150188322692513,0.157957405058792,-0.111337905354483,0.207020100377893,-0.139980109690271,0.192472835033162,0.176061381299086,-0.213149558178344,0.0824493134862137,-0.269305247920721,0.203676688971509,-0.13562285046591,0.00104827362201433,0.0875332737709202,-0.31578200380551,0.029835872001244,-0.0576676733404853,0.245275429478729,0.0753877985905821,-0.182596528687886,-0.203716454950294,0.0538843341033757,0.118934624294243,0.0678665524295961,-0.130684190185764,0.048950051987167,-0.077509823201083,-0.0292777749904715,-0.340099083269195,-0.137755415438938,0.206769604747531,0.143952652214715,0.351079619115674,-0.00155726685986832,0.010088882354754,-0.178545958443746,0.0389089156259859,0.343139708179135,-0.0633463954724938,-0.0558575444599576,0.187688218066057,-0.407015395355411,0.130628530036054,-0.0324872047844027
0.010235245639772,-0.0842030053386453,-0.0332191035720897,0.135750266340588,-0.0160756009768777,0.0102390322740357,0.0581284009672251,-0.0284842789623186,0.189395054515047,-0.213999456615747,-0.175198845723912,0.158614481141125,0.0214017454718414,-0.130442811196511,-0.268449058396032,-0.15005611537682,0.125267831192222,-0.0596732793292104,-0.155389647579868,-0.252055267129273,-0.180619285083224,0.0390264133690269,0.0579780549974162,0.0626498617467746,-0.00312313861124667,0.243342698458,-0.114133420753043,0.368525394513211,-0.00147439441419132,-0.0559745305401472,0.0363871931725725,0.0273570637464287,-0.255300273294183,0.0581311675348069,-0.125434636867896,-0.0840163351537259,0.0999752108361716,-0.108280934874728,-0.0801828915169783,-0.236039024279482,0.0780953126924481,0.0290917319500377,0.00322254230481461,0.339815520805053,0.180199898295085,-0.210451854890411,0.138944757220741,0.0566368296328658,-0.0903608840441005,0.108734056542079
-0.0730469412907011,0.021430022674487,0.0984380595366337,0.159537366660202,0.0795189619048474,0.018424748581422,-0.128901869787454,0.0310918556865571,-0.23168783039586,-0.057561414796135,-0.210776495980591,0.209027444390674,-0.152627821033844,0.0769109122788973,-0.03279855185441,0.0523151577612475,0.0536469553047164,0.238575607130171,-0.0979034437713249,-0.31332331149838,0.269284617584453,-0.0561453615737667,0.0647066611032412,-0.132365960064233,0.0741231628902332,0.0781337156436004,-0.112839026775672,-0.148777643179722,0.0835303429664497,-0.00678243422140317,0.123964686390717,-0.0971035566328878,0.0290813965281319,0.0941383651572234,-0.068933843295288,-0.0684024768018399,0.159945385524419,0.190698792868759,0.055951897365917,0.181032056990845,0.13194355546003,0.000619131499252087,0.217457226551939,0.181492215365043,0.0748518717036428,-0.110721042212807,0.101418819723196,-0.243778246036656,0.0525006280797709,0.0355999187376542
-0.126746831945048,0.0458334447516588,0.245222099246053,0.101277928767808,0.0400616053930858,-0.197341197147883,-0.11650056945287,0.112363768892709,0.00783135282792327,0.00169872202805312,-0.0911152677052809,0.0169009492733244,0.0598134624085467,-0.099862879424995,-0.157660456463166,0.0809898126532906,-0.0312032511634954,-0.0665173669828595,-0.0946784834272292,-0.0226372095059822,0.101744745374274,-0.0799414364519979,0.387966187787943,0.0755270433963138,-0.0981500219785952,-0.056585510347578,0.0911910279640488,-0.429898044102466,-0.0393105999256887,0.0851676172742196,0.320698825146286,-0.210124874716352,-0.146652087207913,-0.0454493260545857,0.00856205701915274,0.00543386952797995,0.177314446507498,0.168610030519624,-0.227454516443841,-0.132968724840598,0.142596426335104,-0.127903238499755,-0.123170534429405,0.251040043311723,-0.0142903420044477,0.200203602104124,-0.0984394541407607,0.0386749484215068,-0.045561217692712,-0.0202771346667942
0.101743802979236,-0.255603845583422,-0.15466885381325,0.0429229933356746,0.0651855018315872,-0.0559014376235141,0.200553851545619,-0.19284911894386,-0.117990314085144,0.0690106386819864,0.0826116310075073,0.101994720634774,0.0428061015281275,-0.143954304805542,-0.0342361842134732,-8.42857509461434e-05,-0.0572130173615381,0.0824514284076779,-0.282167839520063,0.0960248326433211,0.121320150741836,-0.0114326725703671,0.0364579138688558,0.0869928581906614,0.145390810554191,-0.0646464642555292,0.0572413017858983,0.271764300822153,-0.0155569800694354,-0.213761077673581,-0.0531519112245136,-0.0299365116333147,0.0625001127511411,-0.00400443419579977,-0.191267204922429,-0.0814719964676421,0.126922642746469,0.0100772473342183,-0.0105327922590461,-0.221866038867978,-0.079593812455931,0.0154976521664682,0.162384093944262,0.109680655909785,0.0597915834917385,-0.236178004245472,0.00413955883836001,-0.257791242830557,0.0410676903990316,-0.0976000161016323
0.0486441202403819,0.0647221689283647,0.357898335813017,0.159381000379107,0.0224008947567275,0.0322337551500937,-0.206117473413392,0.188280897252518,-0.313276651913415,-0.111652820901291,-0.070210778141461,0.188695339015362,0.0511353692465317,0.0329106168097987,-0.0259226970985886,-0.224171446758764,0.0658887447200334,-0.0618760031001542,-0.183421973751661,-0.254576598412581,0.116848126329938,0.259797080718499,0.185912485156349,0.00380604355194013,-0.00872302643249468,-0.113464857088094,-0.0513795517584364,-0.100548779402699,-0.0599821732570115,0.0715954467285817,0.187594727927896,0.0159959099656204,-0.276139318998651,0.0247944583831755,-0.142226463045456,-0.241748964012068,0.127451614409596,0.00816802437708232,-0.107042978257688,-0.123733634486042,0.0737312066368799,-0.115680814187592,0.19766163402806,0.214273131651572,0.0560907140765191,0.236509358322808,-0.060400970395136,-0.0761394296867076,-0.360048492286285,0.222131218970263
-0.0412660949337261,-0.0252241377101349,-0.0027761003328181,-0.235341866054421,0.0810854634211725,-0.0018882321132033,0.137815228165992,0.0150284371930204,0.198426262427682,-0.064296744801865,0.18556606823763,-0.0585047648516977,-0.00172064203609297,-0.0749725722833691,-0.00526499118856128,-0.0479113998105087,0.115959020219251,-0.271579428732809,0.0371127567451184,0.20632230217105,0.12831119849837,0.0630687718094116,-0.0929348912296492,-0.00735264411804059,-0.299780394924796,0.0495984115358544,0.193701704063101,-0.0281843455434666,0.110664818799985,-0.140391297146002,-0.00382774687119537,-0.0712568341764013,0.340750240873203,0.132017392259851,-0.212158299257924,0.141812954264265,-0.109995813477174,-0.208790202061328,0.212257585988241,-0.085530390645357,0.0519039380239146,-0.00554104040985118,-0.0975970852682521,-0.111944856318848,0.167919638135715,-0.187338859538757,0.106778492931318,0.382655989098695,0.129056666758825,0.084301422028669
0.229550085634665,0.161302953372016,0.0328971177899405,0.131529292851658,-0.0408669469244452,-0.371584032955771,-0.0347675764581688,0.139104158868991,-0.0803962684593591,0.227463745939385,0.188822054359955,-0.0249557419364243,0.0492334183029199,-0.160239597483517,-0.353553716591656,-0.125809809422294,-0.143145788411947,-0.295926827122487,-0.215809414942287,0.208915520471668,-0.00785804998998638,0.0253513771873461,0.164867061115846,0.0624492254254877,-0.120333816034879,0.0183097733012208,0.0333648876289738,0.0353785499868819,0.0787128311752593,-0.382175983386818,-0.123057641746645,0.170576204375829,-0.146254865056625,-0.39181810667644,0.00106370648404519,0.212764434066036,0.0554806365779166,-0.272654173020871,0.126060152859225,-0.133806562826158,-0.155043874948937,0.00840873898222202,-0.235981163207366,0.116414708262976,-0.000992324901618135,-0.0204550230888772,-0.00582759251831511,-0.0534454374811883,-0.217268016694879,-0.134565574064836
0.0320589386166844,-0.0956228367127651,-0.00483788093691717,-0.0268830671819481,-0.130323630424957,0.0423489014654046,0.110830958511314,-0.235074702426025,-0.084907992906109,0.0674666905509261,-0.00895470366931112,0.162392107322534,-0.152251739092629,0.0463039179321071,-0.0771249068881433,-0.12265742238183,0.0136978491851168,0.0839034514990366,0.0659192885158758,0.00936148132239245,0.169307611147415,-0.24278662291215,0.0127945242713462,0.197068833656365,0.0112498393742025,-0.176001616736615,-0.0367832083282682,-0.061253715625454,0.0858483825988335,0.0718439462708124,-0.173840838849977,-0.0421711113712278,0.229115764672441,-0.114692919422442,0.42524708428353,0.327004291177423,-0.0489883571486458,0.116525657289441,0.0127110117096234,-0.0381188610341785,-0.0849598077121716,-0.111070551610578,0.0253361075665497,-0.0140867879396215,-0.137208830738128,-0.11980709507199,-0.100195578586158,0.0161546430221882,0.00433251089677068,0.0302388455364595
0.139082563425406,0.223657365312549,-0.230156028207953,-0.236617346721366,-0.0381198374779127,0.148679723490828,0.0863826271691322,-0.429356185525458,0.117385080562651,0.139846788913269,-0.00121026525856331,-0.19843868773956,-0.243758953335419,-0.085990791220761,-0.136510863956673,-0.133396950778024,-0.0367856560163015,0.458506347969266,0.125439898014449,-0.0117096837971506,0.229849183138996,-0.106736827208837,-0.220801080757883,0.198996021165822,-0.124558938110662,-0.12726808961851,-0.0161660588178342,-0.013498261394655,0.0145349767912657,-0.0781688491253091,0.027385279307372,0.0714490852285055,0.284730142916392,-0.285801912813238,0.254713074370638,0.410289624847633,-0.100197239909815,0.424707906651811,0.13757417906709,-0.0263385864024189,-0.247885464932928,-0.0855785629451237,-0.0622273165538417,-0.192472198603255,0.0518534975631528,-0.112625671613041,-0.176232298502219,0.0773958585445509,-0.0810714070555994,-0.0407896836429511
-0.0151441729014455,0.382546508710445,-0.221682173157936,0.206443624567319,-0.159479165092777,-0.0542693158145267,0.0310700545021816,0.0841979813432997,-0.116826030236587,-0.131743315897739,0.0715697132913788,0.0780970339153054,-0.0588755896166263,0.237036000622569,-0.0259458907196302,-0.0873436326139131,-0.354936034769006,0.174360168450442,-0.0914111750793028,-0.0780738294214289,-0.265997508747449,-0.11770882803892,-0.00222153273054927,-0.0440286405907096,-0.033682779410661,-0.140190682051777,-0.0968133235480221,0.118376840658729,-0.106425874941174,-0.16511605452858,0.122173067625568,0.000570546738770119,0.143357288423437,0.260522861184879,0.0601031591358599,0.225842080129948,-0.208908021026804,0.12060930341945,-0.337403350213593,-0.108298393081993,0.170121625064567,-0.201162766305132,-0.248088070645418,-0.191889122521048,0.0066611790374924,0.0725418161110031,-0.220084981478711,0.0667292504572655,0.210783526026101,0.123152264464015
0.0213876689265359,-0.0455749857358711,-0.27450469346753,0.0295766618918267,-0.0433925472841455,-0.12311537064941,0.0699673153108212,0.147048265051599,0.0441387767094255,0.0369739793044933,-0.0582926254127659,0.160776147520717,-0.0993487426799669,0.323952630523671,-0.121524201017937,-0.250213167192599,-0.373728052474089,0.484156049211977,-0.0127029495504623,-0.00353288972762973,-0.0445947845782661,-0.037199230596904,-0.0975929197339081,-0.0960790716869746,-0.110897374324515,-0.244024428286638,-0.0705605101111801,0.31902858794191,0.129179396503932,-0.23407256734712,0.0487979419562935,-0.0681376313025554,0.157187841572701,0.145161066248359,0.0675043212252682,0.105273141504753,0.146694176001585,0.173166344533979,-0.482567993737242,-0.219909589245912,0.248927744422646,-0.0551475408497045,0.0183071370623777,-0.180822405384757,0.026049618097263,-0.0302361769085738,-0.121867368502879,-0.0572559598452081,-0.0266379850944093,-0.0623809852206972
0.157177809220277,0.220663575431651,-0.025118091868802,0.0527880819297765,-0.141439864332987,-0.388704890816961,0.195731255615968,0.0108222908983423,0.11579459084441,0.194305731460091,0.00181113035146388,0.119539077720783,-0.0881066391184551,0.0777866346324366,-0.301969746758882,-0.079660043183987,-0.15467027811089,-0.228531520894562,0.0909350518734553,0.183969656097299,-0.0376338469339544,-0.0545904768614006,-0.0741290761378855,0.0899720463716396,-0.0616735595680342,-0.448982570201646,-0.135230475793808,0.296709157087864,-0.207585448788359,-0.189214412750577,-0.0738547818833349,-0.0194773889703886,-0.0820077196084672,0.00760130780637616,-0.0272412789132594,0.24896933420019,-0.0614452912669395,-0.0176841290648737,0.146725362898081,-0.0577957112163235,0.080246212280758,0.205913054838597,-0.209565011610066,-0.00516678234871514,-0.140996947210373,-0.0947089711142383,-0.0298534645972924,-0.134123279666456,0.0574225244320689,-0.00162734785644621
-0.107836182183498,0.0712564649000681,0.222238271554511,0.0829446475458015,0.0108804388073722,0.139215315729226,-0.0189147028986287,-0.0144244269768063,0.00713061116733504,0.00668786636735282,-0.0645039883574788,-0.11862726709748,0.0424319988640021,0.148499859639406,0.232872885369609,-0.0797805207303906,0.1889599157531,0.107502480372203,0.0227985643275583,-0.133711716261802,0.0381482565883745,0.0623560463733509,-0.181821554935854,-0.122324631306089,-0.222570528726886,0.131519811503564,-0.2530611345293,-0.0783958088686256,-0.0692698576895255,0.0823578977043924,0.376498207329643,0.0417379715607383,-0.278245122981532,0.213803482599858,-0.0491445484363438,-0.0514151362373157,-0.0119260488867456,-0.0752502763182953,0.153660466819388,-0.292376249227737,-0.107944460408017,0.0259339808920804,-0.239909016117299,0.112206760605411,0.199247859504567,0.0673023036579738,0.262446193618839,-0.125909604526304,0.00361636013346197,0.162369665693613
0.122090205166923,-0.0516901430314458,-0.19628960661862,0.222447483195148,-0.0471716694327059,0.0213341933330099,-0.130924215604708,-0.1212257637526,0.0213938996816889,0.032684394141438,-0.0536065413206322,-0.0378894056453108,0.17787372866129,0.053846179808806,0.0352731372828784,0.00788331722581056,-0.352672459436029,-0.00282185254461751,-0.0265189482754551,-0.152024129976801,-0.178292554783681,-0.194393438023706,-0.167474958951184,0.0100200485421921,-0.191179547603591,-0.112466825860686,0.161868361849606,0.16586131086616,-0.219718368959797,-0.0285549227674422,0.0617613258861928,-0.0873237838100824,-0.29142353990376,0.249811045550985,-0.299344443350331,0.0843686569244233,0.114138180301657,-0.0174053638968549,-0.208656679929662,-0.242564674034793,-0.0540152175030877,-0.0102877443992829,-0.00223655545735564,0.109105650633947,0.201487828905095,-0.174008415513072,-0.0632446129487655,-0.157400861567309,0.0997128482003438,-0.186060418236312
0.193344281601826,0.0865639453404379,0.00105174678904587,-0.0954344410069827,-0.200620970626817,0.0864528990243644,-0.202703665553713,0.152379813784306,0.152076960191775,0.129414289961169,-0.0624752665708827,-0.227984247642482,0.162519589954631,0.0260407396959976,0.199170962677647,-0.15715168883511,0.220999061575291,-0.00502327996765949,0.0870649552227544,-0.0872991606226252,-0.0486558390668641,-0.0928306940999569,-0.337532184350954,-0.116170520309069,-0.0809120208265259,-0.094325256782829,-0.0856678517539497,0.052319045189005,-0.0457448720648137,0.277036894688885,0.162429846578768,-0.139608205013483,0.0727440918957502,-0.00968267795029247,-0.0390885574464379,0.23349047479236,0.138729781716554,-0.0938481938628799,0.0438830576906062,-0.0207121482549374,-0.0754112368522536,-0.0284350750620667,-0.273119359104129,-0.161180962867849,-0.0913210141190982,0.082347630000357,-0.0367637319301635,-0.0734307516507088,-0.0394741071199609,-0.204608279988569
-0.183376934460019,0.110450912490116,0.0267372538324002,0.0941897663758148,0.00909902379391953,-0.0617632905529017,0.0289704193739321,0.232374029497773,0.076683397052457,-0.131626660152551,0.406469389974559,0.154674105361604,0.0400313758579737,0.0201861691720877,0.0502105572244713,0.208352868452846,0.316393130797343,-0.198515969431287,-0.182989479238795,-0.0265693748860076,-0.188341519165635,0.0824228681026503,0.0548120361440715,0.111011336836249,-0.0676733202820395,-0.0305689073011977,-0.261253004828056,-0.0428949472143507,-0.0518911109365849,-0.0852457641618781,-0.140461363189665,0.00572990318913661,0.145931097893012,-0.137572032104133,-0.0634012510359823,0.000811163202312951,-0.342190012128029,-0.386962234904679,0.362994495607145,0.257978065607285,0.07404569641458,0.0955140341199854,-0.388414901098105,0.0701688997107384,0.122163483952771,0.0613651218068871,0.0496654078301804,-0.217869625105439,0.058690413148847,0.0448608021988984
-0.11526027305111,-0.118821684362778,0.11246749276055,-0.205060178179603,0.0765731634524371,0.095177242841675,0.0609988522294737,0.235055846427214,-0.153005580818145,-0.140895533272102,0.169868125959135,0.241818650286612,-0.120879800565524,-0.00365220101033895,0.309665960654076,-0.194121897924991,-0.0572399871814936,0.253570103213572,0.0418612119037797,-0.207689286929937,-0.081596370402657,0.212504092666002,0.0213046048453706,-0.203149224956603,0.211920044773435,-0.055867051169674,-0.223765807091518,0.0447874208680146,0.146997469837852,0.0723808653231569,0.189883092952287,0.0911201724773449,-0.0235981451344,-0.0884798892601579,0.00951795301380884,0.117041416125359,-0.121040067232377,0.0858571758299891,-0.123082496815816,0.0413891705735707,0.225103717962059,-0.162156067462111,0.253496926781679,-0.193317124149277,-0.222241527415406,0.0718444525045407,-0.159469706695481,0.0540763802319067,-0.222183606401409,0.42300416382153
0.0743201077592027,-0.153509026277179,-0.0934030336699087,-0.145778090368814,-0.0256891548857005,0.163392522956411,-0.133428172082403,-0.0112749687044757,-0.111668528851255,0.031995263506324,0.0336076196900396,-0.021713534087717,0.0226563147517447,0.194636956784044,-0.045821489881221,-0.297416713742805,-0.319394192446093,0.222270286123443,-0.0279533157089384,0.0560563953959295,0.110040222154894,-0.194701972957655,-0.318330931419615,-0.278448863539107,0.00263766934027468,0.0304828052962771,0.034832885207811,0.185999323899443,-0.1469143957109,-0.246060372065471,-0.0483539079820856,0.20287894860298,-0.0911349080914838,0.386925153000221,0.0928833349806231,-0.147900091310547,0.0591334612005473,0.15749809509029,-0.137746408637794,0.0185655795963513,0.00822689896801646,-0.07616311722833,0.214828288527557,-0.153766194171557,0.234443290729622,-0.072804930500769,-0.0522859861561689,0.032967273379093,0.181774535858198,-0.0791535085429403
-0.0637356482408518,0.233407680475258,-0.0169622377207042,0.0364767261546193,0.0994223551893917,-0.0136625568975137,-0.0150420625459986,-0.0534428372327192,0.109128536006995,0.008611095688675,-0.223535998135536,-0.00897754016735657,0.0327815396886984,-0.136073833014787,0.0385116226077763,0.237566177721667,-0.0759342962544601,-0.0629253979194941,0.00545931063684699,-0.041266414208161,0.105584381100521,-0.121257755092168,0.125475605837423,-0.0793813250604347,-0.143921111140957,-0.0154598283497362,0.0363779480188823,0.214117775338156,-0.0938008302360942,0.140934907656362,-0.0885414119342731,-0.0901197937742552,-0.0198107716772351,0.253174101218618,0.0205526938946734,0.101321247151478,-0.132208606615411,0.177863034486586,0.0294206416124816,-0.0693767996819458,0.00403451209630595,-0.0356962525527552,-0.0427374241391788,0.0275063726529502,-0.0434082956638915,-0.00155852098175934,-0.00934462546955836,-0.0413135958418359,0.347111283165908,0.0419291557468418
0.00158844394387584,-0.205059255834575,-0.183693486581664,-0.0667745301371093,-0.275444099732659,0.122149021658974,0.0359953197126886,-0.110357147061441,-0.0552582325324619,-0.00755889330351202,-0.0916366368599487,-0.185857534089376,0.110502903758351,0.186010017232607,-0.113167800688105,-0.0880937827176301,-0.14678641876251,0.139879268001091,0.215060967305447,0.0839356450414977,0.0818800386181561,-0.230871059050429,0.0480961398628009,0.00691711207806985,-0.070691579194306,0.0233003958190026,0.0818663086645289,-0.149417505401276,0.0915766312963659,-0.136763451490072,0.29690344232169,0.0718118363692879,0.0271031878379995,0.0155647054004354,-0.0360930399507342,-0.00460108535745504,0.0564870528636265,-0.126675325105819,-0.258085961879406,-0.128679565072133,0.0625783333406668,-0.05202240309218,-0.105293861008465,-0.113971247618114,0.0319939067235235,0.0723996331659003,-0.32991636869766,0.0232066302172077,0.0113661536267899,-0.249870808297561
0.0401733053796184,-0.113677717462545,-0.0708163410034972,0.126582664784204,-0.0332285114665683,0.105063112955204,0.0345619142469564,0.0143653166428804,-0.079880744979336,0.0414548938911051,-0.151068115901205,-0.16121068969651,-0.0415116278117952,-0.185833790688864,0.00410622406414294,-0.0729687639839683,-0.0316796347399593,-0.0435600877081154,0.00936470951071334,0.0175393586085139,0.0679814133548753,0.0246560907376037,-0.0452528636632575,-0.0487713109366902,0.0373309971669294,0.0516918460873425,0.0267309275284587,0.24631938504672,0.2412362985233,-0.0289579455939806,-0.137735710239228,-0.042900371567966,0.311751518633042,0.0217101740590572,0.0538646812389486,0.0861138432420333,0.139507687116019,0.0688113134398518,-0.0341478601874432,0.174251752922531,-0.111809525815567,-0.143447771004656,0.23019884133628,-0.111406935285011,-0.111016884756502,-0.298073943934741,0.134818395331975,0.01597792596948,0.0246785629449999,-0.0277755254697494
-0.0296388210552405,0.143440166439988,-0.0404564281914611,-0.0240680975611744,0.0343622453570592,-0.0820413137946194,-0.0929533146512407,-0.110897144516029,0.0681582181620089,0.0274629589882465,0.198752316776585,-0.112163633269258,-0.117588964982707,-0.314798050354281,-0.0279492577666653,-0.000475959416796121,0.207033777975659,-0.0141498496207489,0.0429393052104861,0.0539983266686566,0.0845712411512098,0.0494562844897559,-0.226126296287495,-0.12614438457518,0.377985986672719,0.0715340285683602,-0.0550252219924407,-0.155953150610866,0.12175594244962,-0.182186192579851,0.206879846199043,0.178855909528507,0.0312682737151385,0.147098368078733,0.109010018592083,-0.0628781616740511,0.191745196414679,0.230553784292701,0.0910155553765482,0.16612750285731,0.0928485519334015,0.0839970426751045,0.0435910893660033,-0.134618626594699,0.154793958943169,0.110295816218184,0.222309441731214,0.0631393624210243,0.107197850891171,0.189703301935649
0.00902868525883473,0.00250878873757171,-0.140047944593348,0.234787490818384,0.0567383783085173,-0.12074838142825,0.142657614182055,-0.170550693200358,0.258843867690723,-0.15657790207293,-0.10991276731373,-0.0353290033867932,0.205617876278788,-0.0949393790772163,-0.14372945729665,0.211319879396008,0.205561625134949,-0.1687049495882,-0.0340156758926531,-0.00977773208436315,-0.0726924693947076,-0.0728777008961152,0.102132267819559,-0.00997654127142521,7.6428531206436e-05,-0.235271762181346,-0.145875401324167,0.0960365743463281,-0.0710129546022952,0.062465129424101,0.0382026274787206,-0.119817943339265,0.0804101437108974,0.0674555389953442,-0.275935579172885,-0.193547859775044,0.0922666247530115,-0.145630828851729,-0.183315885963202,0.0908628897093389,-0.106150211781342,0.0677526955211828,0.114737146499369,0.338289077691549,-0.0694987731217735,0.27194121600633,0.0156112717256854,-0.00237554805817784,-0.013188288005267,-0.023432263719198
-0.307533071109641,-0.147312372422076,-0.214105097101212,0.0508410747521315,0.129014068796923,0.134995874692065,0.126867054293963,-0.408253950058092,0.246201244224786,-0.0170856153195516,0.121755561063025,-0.0817184277624469,0.146257016291062,0.278830827599369,0.268046678732803,0.0235693150265759,0.0326798873260774,0.0513211480165663,0.191424683143808,-0.161447151172429,-0.142958920005516,-0.244024738777775,-0.174523545684834,-0.0363149474415672,0.250878983395483,0.138373578308753,-0.368530004736822,0.135087557980032,-0.284276618628545,-0.136349185675736,-0.178559745009076,-0.0668536334244555,0.105405136925576,0.182420018134284,0.0576144628500646,-0.0902222290117445,-0.0237583480075258,0.0978763478117337,0.109943071717333,-0.018072869942194,0.114795958961864,0.284122448550824,-0.0782823981769928,-0.130512238719819,0.186105006337676,-0.288855907802503,0.22092738375862,-0.0832841104131768,0.183175290088388,-0.162254219182214
0.0562345514320356,0.113670859531738,-0.16754145117319,-0.028377594155164,0.0581273461448447,-0.239374896744838,0.17055122219793,-0.134681353371678,0.0815641462774443,0.119623724388432,0.0233842536912183,-0.110348980291343,-0.0330679345450828,-0.118678168534533,-0.0205066862583114,0.112215062474795,0.239223881848703,-0.124883282079938,0.221254256981599,-0.0209905358254404,-0.0865419956138162,-0.0772708150559168,-0.0671519673326859,0.0853221063941242,0.0682625351136446,-0.0607196358720235,-0.0975923555581808,0.334192990597058,0.0460432521597674,-0.152222734180484,-0.281408005639893,-0.00206185369119029,0.0425901082495499,-0.108299552653621,-0.0675527403040606,0.113733661516264,-0.00174976346671227,0.115888671491823,0.23605852301588,0.0238550550681995,-0.122472199631913,-0.0664401442616383,0.0607010626145862,0.0858436654220911,0.16912863252986,-0.301125014468492,0.159517641159077,-0.011669139888105,0.225566408727097,-0.0103222181788323
-0.0237765700193458,-0.00323185825396469,0.0530847938393372,0.0476506975112154,-0.280746155585244,-0.0352739886726251,-0.104810302848375,0.0305710697500409,-0.324388139515165,0.0666600884162974,0.119209274665797,-0.121927558625722,-0.015566497004429,0.0124721939606412,-0.025274017707331,0.242304268500219,0.180283564338142,0.058622250574189,-0.0851675332086812,-0.291200278121965,0.15100545215518,-0.0728324516627409,0.0102646140202291,0.126613095490112,0.00710033043987963,0.1928857278923,-0.0737635542140401,-0.334930688881744,0.132188983517012,-0.0325598102074391,0.269897733723396,0.106143014876225,0.0812174914380257,-0.0779359787376155,-0.173045224006325,-0.0212372138112835,-0.115241248383998,-0.181632691292621,-0.0398839345224662,0.0636481988940983,-0.194892909028478,0.290084931310658,0.088864291496991,-0.0410490843347792,0.33459041397786,-0.212021015935796,0.141323354930624,-0.15537604528929,0.172036156843602,0.00436577294100834
-0.0225012649321194,0.159275138454046,0.271700211238643,0.132560155419403,0.0228302620967207,0.142016115216514,0.0360101541830414,-0.0985825003041955,0.0780471237235967,-0.394731227046962,0.168923786455003,0.257507521497039,0.157467390052189,-0.0278012678531087,-0.0243283537993597,0.123407196834484,-0.133073247340066,0.259591517157436,-0.289403801224281,-0.205536744501615,-0.105926285105993,0.109371396324791,0.145288489946081,0.027128367881052,-0.0108643004452003,0.171289642171284,-0.18704894413286,-0.076739908532747,-0.259376220774348,-0.173864796646075,0.290595579098796,0.196738829714713,-0.16129707234009,-0.0485960619906124,0.114840126772893,-0.052737223562557,-0.259613264581459,0.0135114839708858,-0.0190946727101472,-0.00666496862121104,0.0137328786725539,-0.0832525890756246,-0.27205641597198,0.0508680747889481,-0.00342869815509124,-0.0902366307739207,-0.252665615345033,-0.21015076226684,-0.0198524391889587,0.0516131823279318
-0.0924195355163877,-0.0677754817779617,0.03893755266654,-0.0146377544465668,0.113694279799852,-0.0180504112905957,0.258788852857691,0.0325851730138196,-0.000476409055665038,-0.0524647608903447,0.0101760682744991,-0.106261463204229,0.0952079287796602,-0.0100796395250229,0.0413433400696891,0.142940186668267,0.0840619131722839,0.103108788364314,-0.0502873419626414,0.0897703219815314,0.0883183547430293,0.0055297549659315,0.223959633714524,-0.00690079579028885,0.0133177214973581,-0.0828431858492234,-0.0945727009228288,0.0642587159637874,0.017660820255301,-0.145664248435921,-0.327140868059081,0.0311572004698656,0.0807725267993755,-0.14408618810435,-0.0323288068310564,-0.0487958435971212,-0.0115144517869646,-0.147456245173966,0.0790902166237943,0.280204355819557,-0.0532996268662498,0.0948893184789752,-0.028748809236778,0.0137153160207048,0.00610084435422785,-0.164785787067859,-0.199650434951769,0.138041097329756,-0.0972920896963397,-0.0516071119097296
0.00547990507242384,-0.178060271538745,-0.22181691518507,-0.0234509207883884,-0.0568993507097713,0.105098160123166,0.192467645565099,0.0745585504091102,0.0235427101608533,-0.264270823576059,-0.138158535212085,-0.0692670394252386,-0.0889550657179728,0.279768326119657,0.0188384193812419,0.162633382682156,0.0573178604850222,-0.0848410033024186,0.0840332736309098,0.143153962948962,-0.149555426452555,-0.0749255066044368,-0.201629125147624,0.137640029930319,-0.15784055796832,0.0593163802391673,0.0648089305039245,-0.218999672254086,0.207232486251902,-0.0558050278187573,-0.0116844137100484,-0.2490436037003,0.0300738853618979,-0.116870020966141,-0.179656408501868,-0.0416953600273558,0.146849807251101,-0.028998976565353,0.0355456815093415,-0.0465020355202178,-0.0324003740911031,-0.102317972357495,0.0102325086627522,-0.0759067194764813,0.17428771839852,-0.210707590422375,0.117899033355052,0.230693926708907,0.299454908782755,-0.156226493509434
0.198792960141771,-0.176871818964211,-0.0710067998699135,-0.0769831993522887,0.0543171772040385,-0.00793858430586305,0.37141671548048,-0.0844846134445368,-0.1021172376985,0.0961070420808579,0.0512761814862426,-0.0469852859431322,0.00111167086026055,-0.114314932716384,0.124610687193186,-0.091236632804172,0.179814878062911,0.338900631361805,0.00939832098171821,0.303764133012886,0.120389875479313,-0.0790280374443739,-0.0405394825198306,-0.0162183651396184,0.274947789038946,-0.139106288337918,0.116775847662626,-0.0123777695645115,0.265707175110156,0.0225986878147465,-0.179988959107333,-0.0609878514896555,0.0168999732768366,-0.271744066454908,-0.162452132077368,0.0180606169761595,0.253082494084669,0.0441194185222827,-0.085495320592721,0.0129084901714763,-0.120467232118499,-0.104984547734388,0.0376309199659344,0.235032152361777,-0.0987426492503126,-0.381183439417127,-0.0698314476447382,0.0432992796774266,0.0787989035537172,-0.114672875327803
-0.170904569445789,-0.140596559195407,-0.151326064321217,-0.0178449142695457,0.0164399849175289,-0.0406262866504616,-0.104774150333317,0.0553382400474393,0.210485174127223,0.0141467282465798,-0.0998234789402552,0.0152777461165536,0.128495915345234,-0.251924123015079,0.0393552489884432,0.0850697146356979,0.253814685236282,0.00824482605389851,0.186830570739136,-0.22787750951583,0.089282221901116,0.141530434844335,-0.0493303612838516,0.227602318843201,0.126669124843457,-0.0976456785762572,-0.0402281794065305,0.0735884372821622,-0.130217725220326,0.254079483378539,0.00800027609523444,-0.186771096484004,-0.0737703100477017,0.24785408840572,-0.129962443180341,0.0106588894371389,0.112348966738829,-0.102840966526829,0.243136011346624,-0.0866113917719074,-0.0571619244121908,-0.0938981829569974,0.212415474956818,0.154482780673678,0.0782899943828325,-0.108533706333578,0.172415648726852,0.0522223493553288,0.129515117015096,0.388706876656374
-0.00717796745597373,0.157170654341851,-0.146945567309732,0.0531806546661785,-0.0286703980908757,-0.259308727316654,0.147446845594513,-0.0379661410940877,-0.0908104197231243,-0.199632800534142,-0.0381566509099797,-0.0695060766430743,-0.0527690891688156,0.0810081747765155,-0.145554232367699,-0.163786788901102,-0.1434277630395,0.0196237827750953,0.0840319848069595,0.150360363374826,-0.030083138605441,-0.125427185296306,0.0425202907486891,0.057887631607591,-0.287404407226421,-0.0151836439414544,-0.0655211789828234,-0.0946161279734781,0.157064132654947,0.195205274514,0.108769663607257,-0.19285371558801,0.132090751295811,-0.199956035795232,0.0572040834890031,0.0124682793690647,-0.0380106814685229,0.046997891262406,0.0275816427296434,-0.190184965913641,-0.110818706002545,-0.0186002546355998,-0.18464149951272,0.129689060544089,0.0271449814617521,0.0385067779067635,-0.0402596392333568,-0.0715577163642411,0.0019582913998281,-0.239939024478226
0.139639438871557,-0.248152279286426,-0.0951743256817073,-0.17778754568024,0.221186405391485,0.183130440333681,-0.12626553747697,0.140825743194356,-0.0793057330836151,0.0363057664245987,0.0957574269738951,0.107593338015457,0.0322918104238799,0.0433394313512993,0.108099761692724,0.0467685744185636,-0.0775464663718147,0.104548938350972,0.106082237958968,0.100945498267965,0.199154249662737,0.0858095614827402,0.0738441349095964,-0.241900461519641,0.128663282230089,-0.115444811888299,-0.130642911352755,-0.0869400210186236,-0.0749455282907098,-0.315504209797751,-0.189238284744823,0.0692140989641698,0.0417505914015739,0.129879225539363,-0.164596907841317,-0.135177058020637,0.102631076133323,0.154572331526128,-0.0354449647080498,0.0130557754072314,0.00983626709971941,-0.411538195494547,0.269415662010405,-0.0778078633396411,0.0104349263539251,0.103704506462974,0.148435595850473,-0.0240714134245961,0.197789878687264,0.140138120219421
0.136175374221942,-0.140080242982073,-0.109354428704076,0.0872824824525174,0.14503296314086,0.120414380389336,0.0476517680066943,0.00100969607233787,-0.0697778416449054,0.157534290950793,-0.152671361984833,0.23466973233194,-0.0814284819030162,0.0585313127118729,-0.0277374264565275,-0.267919273064118,0.150076515453429,-0.100271262347304,0.0390365416774686,0.144885956549593,-0.315776769907528,-0.155746043759297,-0.0799228383741978,0.00821895047542436,0.184165287853673,-0.0160414073445956,-0.177994609221917,0.116658362647773,0.230720202663195,0.0389624732680531,-0.379589914431581,-0.185906450685771,0.142704110973631,0.00705914473475424,-0.121212385154646,0.109377651354399,-0.247027312508039,-0.0666112953578035,0.119677393640481,-0.0251360287463879,0.0821738263156657,-0.0729959081872677,-0.113189179704976,0.128361865690238,-0.0140934789307486,-0.237817465321878,-0.100593108909636,-0.147762486312567,0.0941916317823227,-0.0206251473085775
0.102591396682913,0.0242393441746891,-0.0772428509701412,-0.125195561464086,-0.0587007104346113,0.18588792744741,0.130038802431783,0.0794449973298727,0.0145696627599953,-0.198482209477668,-0.113934171824374,-0.0135501943375744,-0.0792964352044649,0.235968902913868,0.0676681379614781,-0.00427362878830715,-0.0890130227898022,0.262621383326897,0.0661385656600464,0.15086441731057,0.166864566018519,0.0113874353847516,0.0427044522971885,0.0844615760380057,-0.184817811342145,0.0655750548458709,0.135517725286837,0.126204653359917,-0.03367369076287,0.0340609808711114,-0.32067562484357,0.0901621565222909,-0.127183898790765,-0.00540969165228931,0.182982013481738,-0.151893287942244,0.0787644182534789,-0.0513246429067719,-0.0388188173747755,0.106759774052985,0.0871984144996551,0.222149436769807,-0.149273786686486,0.0916292663210764,-0.145445087045187,-0.354170983094501,-0.111215937614246,-0.0114978361284283,-0.165393658103639,-0.0829167218165861
-0.0954231044027913,-0.276186616042356,0.0282464678955919,-0.109313632996002,0.00350394159134528,0.0207507372473942,0.00543663592830911,-0.284840659730831,-0.0500512117123568,0.23979712878037,0.0495713764441121,-0.119180853595873,-0.0236069554452359,-0.200014939409589,-0.0114998641313027,0.0774439472667549,0.0122527861924835,0.138849967799309,0.127753774113957,0.0551001765279975,0.010076795644051,-0.00822744673322001,0.0646759267033858,-0.0435992072444871,-0.0156437087326774,-0.0997489733384276,0.00653119020944019,0.326184994926834,-0.167231997610537,0.0611951653026585,-0.149486942139065,-0.163360244709634,-0.0431698692258774,0.0989790607980802,-0.0375692155162875,0.0192869912632873,0.183977363850035,-0.0701824922826233,-0.100023567449927,-0.0895284911075913,-0.125514336328296,-0.0937965342143121,0.119904232528571,-0.0935109276899365,0.0578149247521998,0.175004197657286,-0.301166853965923,0.0139467529924428,-0.207127369089695,-0.0463175666815583
-0.0684639302439368,0.253191006176922,0.0190064120680519,0.0807409712064273,0.0119187388293004,0.0450258890076526,0.131694973157325,0.0119665060653067,0.0958119735389205,-0.209168362101615,0.000589419438331081,0.0528310203225581,0.0454655296446077,0.0757889040116678,-0.110254339825668,0.0970842232409964,-0.0587155480285032,0.0361564441823084,-0.046804224338872,-0.111841255945609,0.0177748658940377,0.0391157926032853,0.065246908857236,0.0894782757915942,0.0238865919961838,0.0337763729884055,-0.0189644766024119,0.140115674758391,-0.175252886126039,-0.100911904034256,0.0657013314005241,-0.159664060355892,-9.88484991391704e-05,-0.0606859857929412,-0.0145921902415331,-0.00761524914125299,0.106242208702494,0.0493131539862744,-0.19038504933242,-0.0525521126821602,0.056951002015819,-0.00178992422692342,0.179445577743511,-0.00344368922470115,0.163447457555502,-0.095047703970206,0.0503827723445094,-0.00844655283433987,0.118443465907793,0.0818099990539135
0.116599176879827,-0.028090177681884,-0.10296308549967,-0.0816772211763056,-0.0240176893775985,0.285196193689448,-0.100435339508652,0.0848235303268249,-0.159581730522243,0.103039935949002,-0.0409801670567391,-0.0337603958699531,-0.171322212955424,0.238046313438379,-0.15097093180893,-0.339245215315886,-0.285880651836828,-0.0538061318736604,0.0564123597205982,-0.0546876226999679,-0.0542921310936892,0.00519310410360231,-0.0725251695476312,0.0132435269655596,-0.0996728742997759,0.0973142035520971,0.242186485054218,0.142670166081693,-0.0461730107205402,-0.0332689484672909,-0.192902364086482,0.0899584702399128,0.121488536807352,-0.0659611957840184,0.129760667949375,0.154943335366475,-0.0874899234639364,-0.113225085429749,-0.228951854180984,-0.00368031362811122,0.150455271919654,-0.172948808702439,0.0399415551766683,-0.234080810658817,-0.0437253836425455,-0.132437373948252,-0.206375361493772,0.141186640355322,0.00863530650638084,-0.120646209670808
0.0137562142113619,0.0111081983317038,0.101159011709913,0.162600594665736,-0.168567823957699,-0.10971854785214,-0.0156379628831283,-0.159689980959735,-0.00837855554727957,-0.101046648975225,0.0308301973627527,-0.102529287123538,-0.106381776610782,-0.194992229347648,-0.0440434052802056,0.0620823237518385,0.322245032331884,-0.18263697736082,-0.100850904257192,-0.122143129044644,0.113018209133234,0.161976241424243,0.0789112628157933,0.184009859151201,0.134243504819416,0.156559225062891,0.0136083540317796,-0.10016253272426,-0.188956201095844,0.0429377269817798,-0.0494055530290085,0.00752887559593005,0.0082632912794853,-0.105513285932219,-0.0625429955405448,0.10881155007683,-0.0143964841699473,0.000260551969560958,0.129795634823017,0.217442698888251,-0.289673519651158,-0.0900147632995177,0.0850363161562097,0.0662748852798067,0.122777445056379,0.169652230334339,-0.16043150554599,-0.159631029787492,-0.139752463350968,0.0668510537350402
0.116142163333447,-0.0303277646133118,-0.141578427863804,-0.0920111752357596,0.192744598028023,0.013697268552957,-0.0461995964610944,-0.167483477002844,0.235951355744656,0.177748330938993,-0.0901258761241901,0.0161392647821847,0.169849585165798,-0.0629648013853136,-0.186409155490661,-0.0691539143819794,-0.205956985637981,0.0929332191122047,0.192525876636196,0.0670937158080809,0.169921509469931,0.0213365446343663,-0.0742542041665177,0.0366685193116459,0.0516634353365879,0.190412933524152,-0.0701294793339487,-0.008377079908708,0.166467532992198,0.0693363453041219,-0.323144967229417,-0.0518973688623719,0.255585193642072,-0.00704194658650613,0.326692935917729,0.145865103824415,0.0269324762140705,0.135508010978902,-0.246681516288618,-0.168382420336106,-0.171590181082799,0.0276417146904323,-0.0780866980656872,0.162772095773361,-0.0803588138017151,-0.381825121714087,0.116396537105593,-0.0553011693960852,-0.0507382712308103,-0.138914684487523
-0.0689728588521623,0.0626057261712841,-0.00665368991648987,0.158202297439725,0.0689751727290579,0.0836696025687213,0.0912286399823702,0.185508804816966,-0.204217117705167,-0.191881417567682,0.070729276567434,0.0469541697997524,0.115480622395802,0.0414945170852688,0.0967369474863559,-0.237080807362275,0.0494226240357528,-0.207210878678145,0.139669287550537,-0.0844250868708521,0.0242689104750259,0.00299642555532085,-0.00318474612952838,-0.178923536197712,-0.216292892824369,0.00663805584362818,0.00684437024931921,0.0688681136539283,-0.109877895562277,-0.125771737208367,0.159468490120427,0.0490246310558219,-0.0216898251779941,0.246912147231147,-0.013642235391282,0.00965972503925461,-0.0345300261418751,-0.0718080769256513,0.108767443897438,0.0125710079902593,0.27808463485355,-0.0885767785617266,-0.140361308290991,-0.000643797432643967,-0.0422864305957978,0.0680402481811468,0.0874726352254589,-0.144592417928607,0.234311823706144,-0.0963449525814758
-0.139782393285594,-0.114359995337696,-0.13562744539914,0.191714534703492,0.180332544234737,0.109022657966471,-0.117850320069411,-0.00775562121373839,-0.0434002528493159,-0.0196893905123629,-0.0332622962975881,-0.00864956680594099,0.0167674569420946,0.0509168046881186,0.0500132629522377,0.0920606664020805,-0.130432439390944,-0.220496516398259,-0.0875431750650856,-0.21668604635213,0.054004712636109,0.0848402254041099,0.0988245008242947,-0.134570722607182,0.0280111198744867,-0.256708753443389,-0.00197767692070389,0.0364049776589163,-0.355210375812482,0.0988729318883229,0.0597245711848627,0.0947455314529228,-0.134764777915843,0.340687252057905,0.129779698120605,-0.231646132889694,0.0163302332526455,0.0236468361321983,0.0621714742392659,-0.00998801527149554,0.0831239247568894,0.185285205600745,0.117826473263618,0.127577393779327,0.0710559230377667,0.112850702736012,-0.0758580066447273,-0.22956070266774,0.087650045134999,-0.069364444781612
0.0407376729551045,-0.153327866639977,0.00294890039923074,-0.190367958520297,0.0649814450084106,0.168061022575617,-0.103591540293226,0.186796400371389,0.0535460619863538,0.0230130220828854,-0.0628212035189862,0.073655928642589,-0.104615371270451,0.0278327600029684,0.272929127187451,-0.0614301731822206,0.0568763755707772,0.0202796405715667,-0.0135608846237478,0.072475732143821,-0.0503568623259275,0.224054192309235,-0.13295055779338,-0.0542177068053998,0.0259276130758779,0.193868217648689,0.0431206927517838,-0.203056247621667,-0.0253132946005392,0.269634553743101,-0.17908511176946,0.0720375931717758,-0.11796057824899,0.0227536833235578,0.0127785558684097,0.0180239184382517,-0.315671733285265,-0.0191201167214877,-0.00166082719180904,0.0431829782040835,0.0347352342856834,-0.0692825458619405,-0.0995771430619757,-0.153836289434626,-0.0247571436479502,-0.176595005554047,-0.176873509970955,-0.0456984477746469,-0.0402474379376018,0.268322164973769
0.14209848791006,-0.083047860478269,0.0169764146995459,0.0833930588772425,-0.111154740221555,-0.231831536459634,-0.106683483916134,-0.071651550263715,-0.138242290309309,0.0999910827522398,-0.309133980653243,0.102218278937094,0.0812458314362374,0.0205380273808503,-0.0727041318698948,-0.240075459882225,-0.088948014601252,-0.0728076512526395,-0.0815971253002911,0.152371249905789,-0.170011259093153,0.00103200349895714,0.0824246155104734,0.073639627976455,0.153900266490844,0.121423656926725,-0.0736889871956031,-0.0331224083729314,0.0755497771063776,-0.25769780899321,0.0952164873723069,-0.00275161914957539,-0.1009085597241,-0.0669630517622183,-0.34515324673969,0.0119890487020868,-0.00305528485334467,-0.113799167997876,-0.30540174234727,-0.141927138003958,0.0831403516834547,0.0287903613741089,0.0893455145471898,0.124116186882734,0.0157932091653305,0.132169881962716,-0.10573439273562,0.0287867743805047,-0.187877415252614,0.0412275984491189
-0.219014741713399,0.0957549600892249,-0.0458714352658105,0.120340110241044,-0.0491649553608566,-0.150011601566404,0.0466524153535544,-0.0987011515577901,0.0554606374886823,-0.00393700277005048,0.0305177475046806,0.0981795437138695,0.139864185473994,0.0403216531729773,-0.00367897264860087,0.0395962929473035,0.0728026288487135,-0.100088296224623,0.166219991562183,0.0102472897887389,-0.0961089155311811,-0.0361447364681333,0.158031012353549,0.010540985894046,0.260095525040192,0.0116777774677372,-0.030873820621658,-0.287897561609481,-0.0398410529298919,-0.173570043590741,-0.0467151155671154,-0.0442611415143889,0.0547594501269057,-0.0886394689501736,0.137647417536545,-0.0782218261487102,-0.0728076839746237,0.0298820070801388,0.0150012119387366,0.106720748948063,0.00545129346478041,-0.00519729134779576,-0.11778472493165,0.0471169785971754,0.00793763536064331,0.153053503147832,0.0244529385883493,0.0838213263871423,0.133737248309571,0.0933095642439889
-0.0532487407158721,0.160308035633854,-0.0496157805251637,0.0548261466586071,-0.00943433348825603,-0.179073603573939,0.0612468368449968,0.0518662387501244,-0.0689909531134422,0.0518817948591636,0.0389727764908771,0.279790006926075,-0.131078569758424,0.0165397885419588,-0.0777791664002921,-0.111802185070205,-0.0884050977083641,0.0633815421527419,0.218694914593009,-0.0437886559074545,0.0347990790646043,-0.062414874155783,0.0354103791539119,0.0691196347790212,0.176129085558555,0.306980038406265,-0.0871971615258914,0.122298768510111,0.191519174325555,-0.257262612233669,0.0228180757329843,0.00460100515202129,0.135830136766417,0.0482699841229377,0.182280208707902,0.184153494033142,0.0554097732135227,0.207734978339205,-0.0202300622396699,-0.200187684724182,0.245041262333409,-0.0399320127313422,0.187410592877031,-0.0244754010171866,0.20328292012333,-0.0848919314795175,0.074684594032834,0.208381360448586,0.165873961770974,-0.0206433693019354
-0.205961815713395,-0.0875260814155724,0.140266415594028,0.0627899171595537,0.0252002663778525,0.039719243322812,-0.0383442662410689,0.135747814874922,0.212835729269296,-0.00172564985785441,-0.255895271742911,-0.182731036670371,0.0711019941524912,-0.0598854375183831,0.151460813082515,0.0712454068772615,0.238603167316662,-0.167388504168154,-0.0481449211402654,-0.012985880318187,-0.0145586858835406,0.147500337113614,0.0450473506582363,-0.0582233788324477,0.0360983102963136,0.0251301699960572,0.0347824150171293,-0.18870098769883,-0.000978990223361963,0.152788580692292,0.254847618262408,-0.0427470968299936,-0.0845252949041061,-0.0121531738099397,-0.164370002308844,-0.307579646231745,0.116577373806336,-0.292387239493256,0.0633814771754204,-0.0119287015808705,-0.155531801671899,-0.106959618329134,-0.0206957239541606,0.218556848402909,0.142741894975356,0.136354700951583,0.0930819343859199,0.0901078338823884,-0.170507371184198,0.173747952207418
0.0943861668665833,0.00205440206826069,-0.0288957314006871,0.0189283836792042,-0.00437633932837233,0.197694387294549,-0.0525996647853331,-0.134841048860002,-0.0162846744136873,-0.109633472330736,-0.0451716534668571,-0.124986865161291,-0.0841010002082577,0.109335369516124,0.0740689307386393,-0.0831424011983927,-0.15586685310911,0.249351220742312,-0.0727630111450881,0.135777586175205,-0.119937904368367,-0.0213469030741977,-0.120307178348664,-0.0685298646205292,-0.0534897831143674,-0.0706631629719,0.0899876967817525,0.113450308411744,-0.122150596946879,-0.217650503685653,-0.12562310492564,0.0999255180855362,-0.151378708104621,0.169635860037531,-0.0718269938670571,0.139693438275348,0.0250311055675671,0.126283569732744,-0.257458008858661,-0.0162072163935664,-0.149912919244582,-0.271943306219747,0.043578331815059,-0.178874104463383,0.0896480371179061,-0.138376734988416,-0.0592547385230886,0.170048852948344,0.203511696087909,-0.0161699151433906
0.146587959391375,-0.0989402359366945,-0.23422490554321,-0.096872259530118,-0.0302892218160728,0.241639656537273,-0.0929035791573757,-0.229773618055675,-0.0784288754900031,0.049744610064287,-0.111193479436948,-0.140115242801747,0.0284951291232138,-0.0343648066483183,0.00765142491631691,-0.0951896552251947,0.0845826520612382,0.138596623382132,-0.0306129310412832,0.0209064901863532,0.0457375256310036,-0.157141952565129,-0.0968844013162668,0.114398038790906,0.0514280346453379,0.140362671511272,0.273074005597749,0.358709704233781,-0.0611871998045375,-0.157946375404523,-0.0123102333512149,0.0491170033251366,-0.0161452738685154,0.0451468107981834,-0.0915272888276059,0.106718354392072,0.173181326469262,-0.0489418342535918,-0.0125682760744701,-0.0680597856986503,-0.179563051731245,-0.0538576265843636,0.217464324616845,-0.0477731517275721,-0.052475187977352,-0.1823442389867,0.0822657933102027,0.195149575710982,-0.0700313075707567,-0.119964188648274
0.0174388530382471,0.00921831451127936,-0.0323241497675247,0.0395791235432999,-0.0910013089333373,-0.227059658833116,-0.0479733417491673,-0.0184824974532313,-0.028391412685041,-0.114943002076224,-0.027038092826274,0.151183105772891,0.05371177225551,-0.192326498707642,-0.012020187446772,-0.0582220625597239,0.0978602662669143,-0.0539386808436424,-0.0363152452392853,-0.0123977963541688,-0.0962421933011036,0.147945965762015,-0.0843039236898647,0.0672851158431381,0.00379524380894245,-0.126416793412896,-0.147867727272282,-0.0757545932980984,0.128132579712796,-0.0549177958530743,0.0982012605730238,-0.046213627056833,-0.13375708271401,-0.0471460093800535,-0.282092692392546,-0.113702155000168,-0.0312407574960461,-0.0706101851243913,0.155989476243715,0.203263773998652,0.0245860522830335,0.0351458218124664,-0.0330371266930107,0.131854073206569,0.173488002684611,0.0158080895138382,0.0356538523048585,-0.122745851556271,0.140271686342724,0.0627117507846934
0.0690274089034853,0.0140275544918189,-0.0205291932395758,0.111482889744966,-0.0737619114088801,-0.144880067821111,-0.0243846509040619,0.0424381890376244,-0.19974022308134,-0.0944790278106677,-0.0576389538618826,0.141810532327676,0.085437710837633,0.0795211736296811,-0.100711778586339,0.00198731633327402,-0.211179879536141,-0.145118304668098,-0.200855026319518,0.098584790349969,0.00484499742576964,0.139252394909485,-0.00601738935568259,-0.0712259569259063,-0.0424796094937746,-0.090997076432872,0.0691110422976014,0.0145170016508698,-0.0603378364454585,0.0870561452074606,-0.0139468326043344,-0.106141914871036,0.193053567142018,-0.104826809929944,-0.124734709839218,0.104938103126988,0.0624280792880211,-0.0739510978472054,-0.210168808335812,-0.179849872825371,0.0255532442162436,0.0476734930314626,-0.021387630804619,0.105664314282666,-0.0582205503700322,-0.112979388532787,-0.00747809972922507,-0.226837910400999,0.0024957206490985,-0.189360616365608
0.0200985270029393,-0.0306450488121363,-0.0270888608365625,-0.136778520742202,0.0171589018413088,-0.134386815397282,-0.266248046665029,-0.0331378468683436,-0.228906508572965,0.106906726298921,0.147588238328461,0.29419639948859,0.00206167155822572,0.235567744213976,0.0729557231998764,-0.0710751038269669,-0.259732213462103,0.0111795180451182,0.312133066346848,0.0337412287157366,0.0936822235149212,0.195565591809178,0.208055320385361,-0.0506087165959098,0.0086834702488689,-0.0408327786659516,-0.320276153643473,-0.308749569144948,0.0728529056384779,0.136207204721097,-0.216873621515419,0.0938419356455094,0.246036333655703,-0.0220654341009418,0.0944227753389499,-0.108826654872197,-0.0624027726983084,0.308926298129614,-0.0833529001885854,-0.160785168249518,-0.18072202657523,-0.259262871331754,0.0414049876720634,-0.0531107064852537,-0.0378680758758919,0.216714494831222,0.0674512820047708,0.0135869932881519,0.137147481773505,0.00199836004458095
-0.0766416390507358,0.0422844884841964,-0.131759716456311,0.115863319264248,-0.0495654206471483,0.104807194917227,0.0845008218022131,0.112356397949774,0.185866406865125,-0.0194053933242192,0.185301805785665,0.0236131508024923,0.0406529213762758,0.0592156828011465,0.0128921313997671,0.27262517688643,-0.259675465901621,-0.0851866622910401,0.129322230399937,-0.0665350211079527,-0.177008068413767,-0.080275819762491,0.204524269507546,-0.0649981008059397,-0.154521315695747,-0.171538641383531,0.0240807031569655,0.274615119267204,-0.0109140777632488,0.162113356919136,0.150933303173555,-0.102960081529975,0.00893464054753996,0.422484322034403,-0.048970882678801,-0.151504273510955,-0.0224772853120578,-0.060747646396981,-0.0553745796250316,-0.145558568987475,0.15136349277915,0.0433338860157702,-0.077634502912144,-0.0194568636630725,-0.264098673872116,-0.193062059396394,-0.0815636615546652,0.119852356510408,0.235054265988889,-0.105405810973832
0.00423102427753921,-0.0667758779648179,-0.0717553354593902,-0.221485464560799,0.253657742278005,-0.0779860284171656,-0.0394131924961045,0.206657362780392,0.199540038503461,-0.139522913349447,-0.0715478421398774,0.132752539520236,-0.07199205299994,0.175922297805544,0.258254778891759,0.228485366361161,0.093845372607991,0.0129644175282439,0.154865348896776,-0.0568698222782823,0.017696577000068,-0.0480771057232759,-0.0936913497092632,-0.347275335399794,0.0492252346018332,0.27259255455294,0.150796127687118,-0.0686448095510738,-0.105844642721671,0.207294420176082,-0.247197048211474,-0.248058256765061,0.157118673890404,0.00455711823905187,0.251854439078637,0.131398720443668,-0.188734352031807,0.016500469077055,0.177726404936777,0.0458950398764379,0.290858688577414,-0.0233389183057954,-0.0142647455294917,-0.0340856812785771,0.111969152897331,-0.185402120745368,0.0988352189851473,0.0140858575822993,0.130244881350395,0.213723400452429
-0.00692819784628939,0.0067462254354927,0.16901538083573,0.128508878749736,0.142767751563607,0.00144568595651599,0.0839802137126843,-0.0908550317440148,-0.0240015657402802,-0.33566311977491,-0.269246185039666,-0.115559091726853,0.0772415086538774,-0.156120133493512,0.020305384693399,0.0975568522489951,0.13071697938495,-0.260503316409618,-0.156489496816307,0.0298035513793996,0.000461820822886593,-0.0325168602480051,0.110484427132595,0.0805528615729736,0.184441119117299,0.1774674968528,0.0105496374167018,-0.15141685632653,-0.0560602140714671,-0.109855594904569,0.241288028001577,0.0407416032486651,-0.0484611717433687,-0.194273836269718,-0.0156636105453743,-0.287204169877282,0.0569676609732778,-0.19568195137453,0.115223016278793,0.113948143093054,-0.315173688396385,0.0473097179526392,-0.0631825105784109,-0.145156200894758,0.068345627327383,0.146766205747031,-0.0506096320575177,0.147357071788759,0.00769339321148126,-0.0532761539669603
-0.130322986559007,0.128308883991267,-0.0501385583098808,0.0516290409027111,0.199666682932936,-0.0275960953056005,0.228754298370733,-0.142329172716846,0.265305805785243,-0.0749052436286752,0.0977799869595239,-0.145219827953324,-0.217326313954873,-0.116715249486911,0.103551143094846,0.334201987869994,0.254131683637074,-0.0898852000126156,-0.00620176429957973,0.0393742231698964,-0.290921241807131,-0.00114488281800933,-0.0179061055794999,-0.0352355203856199,0.0930926064441875,0.332118216358826,0.134456303582089,0.0366249428105596,-0.17084752585793,0.194837418603148,-0.0801326832172857,-0.312094482474346,0.156760565505473,0.140791860085713,-0.161428555847005,0.0415857752938073,-0.0317855353520362,-0.100732225532448,0.0504328686357786,-0.021300042518563,-0.0189471948049796,-0.0422660258861953,-0.0593510863014581,0.107291843682916,0.133369552643868,-0.259642019754439,0.130201731033835,0.20186437588285,0.259802369958123,0.112451195723445
0.0428534428694246,0.264222675949264,0.0056705220918828,-0.0869292838152965,0.0352459887143819,0.152656733255231,-0.174644470792931,0.0269809162805087,0.0157752624052965,0.165887995391423,0.229414464318923,0.0425863917645175,0.0653204547037365,0.428867795619695,-0.226071571241254,-0.248620783556924,-0.37484353861171,0.147788964733351,0.167728217469144,0.253174112225531,-0.0753109659009928,-0.132178273809774,0.00350093308252507,-0.0821854803313247,-0.169750251320463,-0.323320559437057,-0.207739608489023,-0.118726918649528,0.108917514062197,0.0190949591439632,0.13398601179439,0.0747630445330892,0.0356426524811337,0.271787492558292,0.0103144483122049,0.052153653250674,-0.127601032945473,0.207072491488447,-0.153361551963168,0.027225509440601,0.0352511386686639,-0.160825701738437,0.0437045285656313,-0.194781472012561,-0.202740835324796,0.0369816146933604,0.0614428413108777,-0.143911851482954,0.140213976773143,-0.146443367542967
0.0350136616377657,-0.314438635421954,-0.0624702638427564,-0.1150255196777,-0.136781404447002,-0.18341137303724,0.225273879317457,-0.0595762396169257,-0.0293564166825407,-0.0611938009022882,0.101412147923055,0.0209944269192965,0.212020306789396,-0.10266881968977,-0.0549116300326267,-0.0608140786738959,0.0689663429797218,-0.15996615277866,0.00521094996404635,0.188740179927211,0.0123980798407569,-0.10522672881081,0.141965392312833,0.0934726056658828,0.0795404301940864,-0.0528722342642754,-0.135340776006115,-0.0730844528638369,0.327178198972266,-0.0150425100312184,-0.134814256940794,-0.15736845175021,0.210702847908238,-0.267986095999369,-0.0442643968989392,0.111514871702864,0.162450602609942,-0.0167251475146999,0.0573440502116887,-0.0639579718261033,0.0788002916380574,-0.21544251566015,-0.0450241778456319,-0.0475563969528681,0.176133405570883,-0.122983339635798,-0.0513482450015034,0.0543050232090933,0.169809174112037,-0.228124995865358
0.00539324582317364,0.0931256759347323,0.105492717823918,0.150045500075489,0.0675382684210592,-0.0480337642741004,-0.197646544939194,0.00477610901704572,-0.14919232990027,0.0662735152403075,-0.038746713323,-0.109891021266444,0.0463015581223571,0.184328225957867,-0.0718439907916084,0.0303100829366286,-0.000515312752958537,-0.0976501330495343,0.0478191667201438,0.025157609058055,0.0832069321082435,-0.127165701576002,-0.187018728842506,0.033600969809338,0.024052790605333,0.000930064631096523,0.110648606506375,0.0741224367833919,0.0816418173315761,0.123837982818035,0.0137154194918295,-0.110306170099675,-0.0852892386203695,0.0456436801263307,0.00792066758983368,-0.0167823691357672,0.175683508756423,0.00215007522289164,-0.0696853650691789,-0.108534908700347,-0.176848278132396,0.198534832770225,-0.0801561228009491,0.25103238983253,0.0199967807235604,0.120435050878801,0.334955259967901,0.00142591677114686,-0.0463288375890143,-0.0898232585547295
-0.122813827791424,0.0680266090897532,0.0131256758647967,0.0480766449253223,-0.0481991520336055,0.00663322524119483,-0.0722232487081236,0.0866347916551534,0.0956679100439908,-0.13625337780569,0.0727429549169578,0.0255731802277133,0.247840226551945,-0.0184476171739703,0.0196335592387504,0.31078874476595,0.0611571651402126,-0.0127886951354337,0.0102957273132897,-0.0732572095525015,-0.0112496673702325,0.128824069532975,0.2836261915701,0.115711161415294,0.0331423958418913,-0.01675013017,0.0246484530804799,-0.141138474126561,-0.0737718083458036,0.131220625566929,0.233177713735906,-0.111583326165137,-0.164022523658618,0.0260037543246697,-0.24365162459237,-0.244806849566861,0.113659977003193,-0.132899421197572,-0.0719485535600309,-0.169957404390769,0.0627468597603317,0.0315874310590428,-0.0340656678683181,0.173226115317965,0.110865905409825,0.126253826484127,-0.0335616527887157,0.0317560147008955,0.17796327146096,0.0810717545905322
0.233481808268177,0.196070784516668,-0.166193853796094,-0.0956434453433875,0.0868608871616966,0.0983927744035284,-0.00708048818701548,0.0913041110404989,0.138451847972503,-0.062964073663962,-0.273750252403944,0.0346563354167983,0.0193563242586014,-0.099714088439968,-0.0822322819315209,-0.0496896222324737,-0.0301040888860463,0.056887825763915,0.222497218659836,0.00609797671685412,0.020285713884033,-0.0794483241597878,-0.212173796871073,0.020654966198818,-0.0353426538203071,0.0480489360523958,-0.00943517380313031,-0.0443500126634398,-0.00116972707244741,-0.101124902452004,0.0486849118097763,0.00647473570803645,0.0506926749489889,-0.0277503197030322,0.0214726697301395,-0.125310944244735,0.0991352549409721,0.0859617533088434,0.0729276129667679,0.0748670976185545,-0.116749953208846,-0.0901747785588049,-0.117898711790617,-0.0447352409504874,0.00542323972144297,-0.0416993315535907,-0.111798068364548,0.0353229525467466,0.0513348147475705,-0.0628831092377257
0.107913569069808,0.0168083854448774,0.0802934431673113,-0.027707052592111,-0.209832668191929,-0.573438762369273,-0.0191713135034331,0.0541961363415149,-0.237986413627897,0.182462558130395,-0.101725342265058,-0.168125583859667,0.1195300876401,-0.36973079733239,-0.205389413363099,-0.0476917136876684,-0.122037773290069,-0.395007251880504,-0.188622712283302,-0.0222854952461282,0.104137250292121,-0.0377966536986956,-0.0357623256813993,-0.100516158722908,-0.109020503623737,-0.0119674034127156,0.27941755966337,0.239604716913967,-0.116367648748631,-0.084853160101377,0.108919429463761,-0.100900012482484,-0.192464431879198,-0.0410155909218651,0.239168686254561,0.117210249230535,0.198247420918046,-0.0483684871926074,0.0165282081961445,-0.136552741967008,-0.163501386254451,0.29630849832771,0.0954318948754781,0.154653836951773,0.104800710143249,0.18469242688635,0.270123509616324,-0.004773610820841,-0.120501964250115,-0.00955550491049538
-0.0458917791655587,0.310672280548793,0.23770035539825,-0.0318769143342026,-0.255904291819874,-0.167873855043659,-0.0961631428266112,-0.0212538317596724,-0.106482218927317,-0.01527771685078,0.0334608963318447,-0.110540829108396,-0.00544451771293831,-0.0072354423728587,0.0453347440264101,-0.206557363237941,-0.101526145899975,-0.0429304420706706,-0.217167096645205,-0.0530012815429063,0.0352646784258102,-0.099700500566951,-0.0938568400374868,0.0196350272288685,-0.113855225491592,0.148761932525402,-0.118476885953877,-0.17504075086495,0.0251383545209226,0.00184303946894843,0.309412398494556,0.0488852745285636,-0.299962374858322,0.042992711580686,-0.0652061792782298,0.0225841852717513,-0.137887806801723,-0.081494001219755,-0.0404772320218109,-0.0189867785553841,-0.0505198272359235,0.21491809640311,-0.171588565356526,-0.0343201717513534,0.0292545597515538,0.0249131958025121,0.0456401753782793,-0.0409598667664561,-0.0891212210088843,0.0387536679920771
-0.0779510847345695,0.221467577798064,0.0636489204461531,-0.195365829457058,0.0751008179407845,-0.0489399635281441,0.122360647864872,0.133092230321319,0.0165577760032582,-0.0784271832225421,-0.165712469898145,0.0636741521028508,-0.0427178898692626,-0.111852843973389,-0.153660122953813,-0.356638311105854,0.263337526781987,0.01386583400924,0.191689041580429,0.212425149254648,0.115644228643798,-0.0272920861870989,0.0325885995458745,0.170619860912727,-0.172753883418393,0.303245883183723,0.261794341346736,-0.0309573105118871,0.426805996324007,0.17357432438552,-0.0380638816907286,0.0403298325190597,0.253290813264498,-0.441163801573408,0.395514046374044,0.225418595329522,-0.266512891222024,-0.281643256141387,-0.0944208487109763,0.0747309323992339,0.0657885065374777,0.00233088104701533,-0.112354219100262,-0.212296608864101,-0.188106082991132,0.0443766278536009,-0.169195602727003,0.243499127757263,-0.0884137915723448,-0.0413784022566049
0.0259503664208154,0.208371511982446,0.228778965084834,-0.130495908145362,0.065771320666163,0.0421261067055514,-0.163475806486638,0.105745241400473,-0.112253087869379,0.0185314688752442,0.0545110228445471,0.167051039179936,-0.0433657171135048,0.0754894642180243,0.0285690449064183,-0.111917234588123,0.0876157808768793,-0.0146771837392771,-0.107399394653849,-0.28574597856132,-0.0131214103460139,0.00539006984441151,-0.0453438285827185,-0.150288846052725,0.0163998699302801,-0.0596666207000292,0.00217776606045299,-0.069721330860839,0.206785819497645,0.0676686384377063,-0.00458387656959261,-0.0244069880595646,0.0345325190085949,-0.120312887357967,-0.090484930888502,0.00791545662592411,0.2071022593576,0.0574304791020589,0.046339174252978,0.0134953010188304,0.00984662503756451,-0.157267393194065,0.101671749974337,0.0181375452176817,-0.00588219832477759,0.292923593407833,0.128513161281935,0.296416701993359,-0.0631235643595237,-0.0870865437079716
0.029978684745422,0.0802051756577785,-0.140098327544475,0.0463116649275297,0.130649223353547,0.210870311224412,0.059436275040374,-0.189656439807012,0.00984259243450998,-0.0762534408440094,0.0025136259238261,0.073895884217319,0.00511953896553445,0.247856981916908,0.0153661936771275,-0.149584449482905,-0.0439522134192682,0.0443699841381806,-0.176194502107184,0.200802482764196,-0.0930375949727654,0.0698041196947005,-0.0688615523876023,-0.0144006093172309,-0.0497965473863093,0.024390288965157,-0.0700745052328018,-0.0756096605636146,-0.010605632744152,-0.0740487696025401,0.0826611985136744,-0.0407684070033456,-0.058093229995613,0.185979183357924,0.0830315462390429,0.054868179246542,-0.043457085619451,0.187874807474661,-0.0994315713990516,-0.184057867026948,0.167266204764656,0.109694083405055,0.00235917555632426,0.290466947229473,0.10587487942391,-0.137491851035866,-0.0240502620413319,-0.0619232460270908,0.0934221443784189,0.00457719903397071
0.0148534898143174,-0.0754111811431868,0.104336814209157,-0.129214512246023,0.160466434570559,0.234974993350753,0.181008388881484,0.191691449251022,0.0425754955834525,-0.148376589519601,-0.00261409658773717,-0.119695765340565,0.0226210231535385,-0.000839306280284992,0.0995502169570291,0.0554946244304514,0.426383267457174,0.0284843176859648,-0.0826709419385465,-0.0983293008804673,0.0378039538522513,0.278678793862635,0.120641538762243,-0.0417751244891935,-0.0604247073731194,0.142914828658321,0.119276123247065,0.0956067566926034,0.156117903841322,-0.0705903794838185,0.125101968152492,0.148816124535541,-0.0223215369109192,-0.313461811078973,0.0244579389145638,0.025800316286184,-0.0398997998533118,-0.113589042553722,-0.204931010079989,0.230175312490036,0.0589698970974505,-0.153978549222804,0.118881973645945,0.0518055946681297,-0.109261942604409,0.0552404349307354,-0.00615919873864163,0.0505427373214586,-0.184954731559975,0.145705301376464
0.00263113009566081,-0.0541901795971784,-0.0511590251229006,-0.0243916326524425,0.153141522654985,0.0820242820919203,0.109378355704983,-0.0437430654090832,0.229767368591446,-0.0313528892483286,-0.0227712411006608,0.249681950744833,-0.194372682463098,-0.0243589073352803,-0.0792169241685912,-0.240725501266264,0.0126093146183065,0.0773598070590389,0.17500038161568,0.0761619969245012,-0.201695893167265,0.0253762499065482,-0.00253600650293124,-0.0954947472149528,0.314155645462285,-0.286185579463058,-0.160675605548202,-0.117258156639937,0.181905065695742,0.151637116539775,-0.231385115277612,0.000654378993676348,0.215159342693619,0.196480095550247,-0.102418670290921,0.134010962595368,-0.00570896252733797,0.0162409210025012,0.0879139562532801,0.149884937414178,0.252728618952843,-0.231882348159523,0.198801248279266,-0.0353159821826629,0.0807178671157359,-0.184226543953781,0.0206380130542626,-0.220280085251314,0.133525014347813,0.364209845328145
0.136490085340746,0.106080220684818,-0.0829407466315721,0.05317675932761,0.0815143250217988,0.118979070342106,0.116639249469564,-0.0989578536554064,-0.0495720490692246,0.0820464998013842,-0.0233885857057287,-0.205409003129219,-0.0293109836017862,0.245496674354817,-0.0119584821242584,-0.12081536601185,-0.053525307164855,0.0132746824200363,0.182595999578617,0.0646968999721716,0.105071113725846,-0.349264357029567,-0.188817745423728,-0.319153731114923,-0.0353027437557468,-0.0716482584934659,0.10432156955647,0.217132913045306,0.0282854215812501,-0.256574697778365,-0.282659579745597,0.0226259008625109,0.210108078972282,0.0411607797186222,0.0990228013111885,0.266033919252624,0.0705289834135787,0.0383946957636258,-0.024651489201876,0.0219273948833225,-0.00732732389757949,-0.0885973043781167,0.178758537070727,-0.328110560855385,-0.159235005192334,-0.133120751300979,-0.0162375212537337,-0.0568502647241228,0.00424037281614073,-0.292608763859057
-0.0806814994095305,0.113316339131107,0.178810615051352,0.256528868713516,-0.0658680144674526,0.0544817150352762,-0.176750061178899,0.0258303971452669,-0.111501967917762,-0.0636190462918253,-0.180097945074989,-0.0500677452252701,-0.0388373132361365,0.139343546307961,-0.0739778624278375,-0.0847415088145276,0.00530417286257164,0.0509612734939059,-0.171786937192225,-0.0121178113306181,0.0794387105214334,-0.24679832181698,-0.015512372127574,0.0370796938711499,0.0581374887872804,-0.0532913401966591,0.0231880046661887,-0.108223202375619,0.0259220827718812,0.0042289884948313,-0.01766428900978,-0.0393510821961545,-0.0371697459366136,0.0716538614489092,0.268074095908983,0.0208520637389037,0.0632103226766471,0.100450083376825,-0.0394768911331709,-0.0645455619014722,0.155321421059511,0.0830244304281709,0.0323460524902482,0.144371037908986,0.0829948920420309,0.157299720489663,0.274966871696684,-0.0617599568058795,0.0754179518103161,0.196693017695238
0.0129535154218196,0.00561295678575367,-0.129728091615796,0.00892360344482463,0.216195518392693,0.170462681312295,-0.0443286736364116,-0.0779098537662175,0.196295448519044,-0.344416683796236,0.0410097796721746,0.152842605573855,-0.122257834821101,0.0227956102802071,-0.0326261351314878,0.0334342200173583,0.108375715650136,0.0588111397330738,0.140515091587864,-0.149876118645884,0.0183961133614569,-0.018566865641547,0.0527388945638845,-0.0153841221810956,-0.1795777848275,-0.0840662857626485,0.12220503608097,0.0932707211988029,-0.0671392894543926,0.00701995354122879,-0.148231456174188,-0.0765124381505026,0.17935154781952,0.195174501708115,-0.0495841259551043,-0.00908595894763182,-0.0302310563137035,0.0212241463293233,0.0476307334513045,0.144328418525619,0.0334734009973621,-0.183614767664234,0.11432293232395,-0.0260688473255312,-0.194762383739838,0.231691289017729,-0.00134412878845384,0.109600809689123,0.194855529980354,0.157596173051662
-0.0872780211186936,-0.0623258117890074,0.18401406232908,0.0834652269991276,-0.108053266661313,-0.200177383559347,-0.0354281784645848,-0.0993160300861447,-0.050194676000691,0.188520034777231,-0.0485026730460717,-0.232938371904802,-0.00700473888300981,-0.0762161159421936,0.137521297877035,0.225243464113098,0.0517534691061755,-0.0456216794932838,0.0922985795046008,0.0967039410575961,-0.0624287559461328,0.169230404842856,-0.050613553546342,-0.131092090077587,0.162009269385778,0.165759237327789,0.13098551003715,0.000411011676351315,0.00156095669735065,0.331397253369228,0.274286720368127,0.0179536911585485,-0.386978506901692,0.0297836891160379,-0.072564451913324,-0.0319565682349331,-0.0313396109408107,-0.017838309702067,0.040968533869949,-0.14061377237687,-0.0387223970826793,0.147950570669998,-0.0067837599723223,0.0397898031270144,-0.201398734288145,0.243679077013406,-0.128719152183448,-0.0217197520043408,0.0702896243538766,0.237042427762336
-0.000137018919487137,-0.24414081649445,-0.0342960258286561,-0.179864275263152,-0.04069452915885,-0.133711792601762,-0.00476871367069792,-0.0563150446284597,-0.0788221426382081,-0.216827240339038,-0.0523226745123885,0.0659298888698044,0.01704794088278,-0.146597445707127,0.0102974370441693,0.0959939466262274,-0.0889401028305974,-0.00396475448958143,0.311109044796005,0.291561813341231,0.0328672658396852,0.0559904633188085,-0.0500631183063714,0.099342995333159,0.165894533829695,-0.0189824536448333,0.0140973981093085,-0.204936614314655,-0.0557834021243244,-0.18040578346148,-0.052394307006105,-0.0322816929876818,-0.0577737268640684,-0.00311212962958308,-0.249777408827952,-0.201197594132149,0.20032559879839,-0.0356662874109727,0.0186186944515531,0.121711925896897,-0.167626275389727,-0.10914994354382,0.184861358939403,-0.164260484061293,0.0231632989070419,0.2772147384449,0.000528278890495359,0.119062031012912,0.264173203109103,0.195691834443805
0.24912815880157,0.144751524337803,0.0932761369796484,0.0553419968250829,0.0225812543133121,0.140978567318152,0.0133375557562412,-0.0733267895602318,-0.232474962482049,-0.276689345509648,-0.0204844041641938,0.169343514594592,0.159127349816983,0.320995078252281,0.17339499480115,-0.0572835579077315,-0.267686993342256,0.314152638136471,-0.0662645272028358,-0.141190540283236,-0.0089220198283044,0.0717813239309191,0.0330371410308716,-0.0554441340102163,-0.317132852532231,-0.0499767910633564,-0.129769974854835,0.0707349047412531,0.0020319063584852,0.0348985612384881,0.134949766883582,-0.0182164417916106,-0.222628407744741,-0.00434465314041307,-0.1592444654678,-0.10636050173304,0.0183554855887061,0.349615274470486,0.0755598301560572,0.112886286852138,-0.186467449695527,0.0259516833945804,0.197172899141539,-0.05512571723125,-0.22962545124254,0.234518254004817,0.116329290508409,-0.174105409921956,-0.165178410218801,0.0391934219469572
0.204745486094037,0.0279789859784373,0.0768115190763747,0.00985967150218379,0.128124112895921,-0.225276248939627,0.101002035386142,-0.0124877569424548,0.0817502176597343,-0.192549467043974,0.119339666965324,0.0928916185782455,-0.201100711950884,0.0651156350648311,-0.0111273578095645,0.0149270386084984,0.202532407213301,0.0224809672754246,-0.0767035485248139,0.0667543881215444,0.00870758367515565,0.0433413995026662,0.156397984915553,0.0775394689393314,0.0407195642855383,-0.168745252459033,-0.139958740196893,-0.224634722845905,0.0518303930809323,0.104811495309827,-0.179711673780669,0.0345083171368345,0.198235082033509,-0.104800675716667,0.16810638149757,0.27623654858948,-0.155967589296285,0.0445595567067093,0.25279997171398,0.180697962668709,0.11168596708656,-0.0208224248934843,0.0956518235569264,-0.00583390329795611,-0.0296928448894375,0.035423280093015,-0.148367513213781,-0.215851449026092,0.0628245985681709,0.000292793251416568
-0.15265800886905,0.0736856243,0.030727256166567,-0.239752760525062,0.213534641446183,-0.26538372732188,-0.10844236388731,-0.313306219549441,-0.0169662616695089,-0.213116392871852,0.0345623760693403,0.332981792668272,0.0434622757630088,0.0268171966549127,-0.175367278418439,0.246862249862162,-0.15779858775878,-0.306692305243335,-0.0336316125798853,0.270114538907711,0.0381436264876446,-0.0134055749175583,0.166103712429858,0.164641069816911,-0.124073944348918,-0.0945430179997773,0.0541546286696599,-0.0749557935898683,0.0580453466000226,0.0181695022583815,-0.137949148546134,-0.0335112166668118,0.0405047016298446,-0.134758386593209,-0.0648429054366868,0.102081228167436,-0.135184459356091,-0.120466009336961,-0.033559127351253,0.107693507137113,0.167592012513695,0.0492614680789676,-0.115651462887337,0.0835691303043427,-0.160470552709153,0.150440011530934,-0.115815254683602,-0.06086968323475,0.159765888422032,-0.126666022560394
-0.0782852406069298,-0.0277211395370639,-0.0549457933302464,0.222853214195539,0.0208044045104529,-0.0040412339558486,0.0826105529816393,0.147249897854732,0.223665461987988,0.000560056755185525,0.0932464858076158,-0.0422718619015619,-0.0301782014013935,-0.0129789413142628,-0.0424855503169691,-0.0262903204199843,0.311495824072208,-0.0655136835320665,-0.030940521351811,-0.146928194820968,-0.0786666192268862,0.110045693509382,-0.200400889212029,0.0676829081728102,0.327736871868567,-0.128169665640296,-0.278952056133185,-0.0174698601388195,-0.0885453015042553,-0.106295897598833,0.0243420691853506,-0.283417507867145,0.175223297812809,0.0942843601335823,-0.326353556311556,-0.00495885205468321,0.13648875973019,-0.209536243257435,0.337823896657132,0.0304071077722528,-0.0913800112022974,-0.0593863261050541,-0.0225850075443602,0.378124183729731,0.0890488766653564,-0.275398804088881,0.222956258341768,-0.1595972698572,-0.0747247269945136,-0.170695844091339
0.0968445501071572,0.0597145945260507,0.200989753888061,-0.092419243912816,0.282583135934334,-0.288815750795914,-0.16665463214337,0.0482433588487239,-0.285787885711773,0.267596764357278,-0.129376539772365,0.150429549215963,0.109731797505391,-0.0705478778421342,-0.129810600126481,-0.0942157420387757,-0.327062308572538,-0.0522432614264139,-0.0997248693092964,0.36195348949198,0.0762997075966037,0.107227922762172,0.195006490376709,-0.395629666877443,-0.0122318671422049,-0.195784032421258,-0.0385085013237614,0.0765330137672626,-0.0575173447959215,0.0416548869912251,-0.300275694911752,0.141727772526472,-0.0689237118283845,0.0706844534150091,0.125365758759484,0.279152832653505,0.035756001242405,0.135328735259321,-0.238270755439944,0.0266618316809373,0.119238858705034,0.0265906486132746,-0.0679342598648014,0.11492660280421,0.220841785680973,-0.0590979420149739,-0.172269038324398,-0.120652091263858,0.0107491994973222,-0.0916543594826586
-0.124748446684657,-0.0371004654161675,-0.199925914320905,0.0228093519065939,0.0014242591451273,-0.193653993480488,-0.00387463763059006,0.0657265401648532,0.0172809581891611,0.0228904995365584,0.155510156549101,-0.0889889186783039,-0.0644908161270382,0.00995556703442854,0.0589489845419714,-0.0050222070670111,0.0313822801309436,-0.0811982949383606,0.17308047359924,0.0350690056923639,0.0349472957036118,0.109541842911502,-0.150604297929106,-0.0473216850110648,-0.00891865130710465,-0.263060058357144,0.0438826689238892,-0.132392127006741,0.0187324900526142,0.116303289570457,-0.0644309578044435,0.113892769037958,-0.169339234178772,0.0218408096153934,-0.0257191229335784,0.0063384456632721,-0.111512939856866,-0.119599564255474,0.251355185593313,-0.0859306258222096,0.0126754487844543,-0.00155337097921223,-0.125170568332342,-0.173936683012604,-0.206968466019768,0.0701680721078602,-0.220955197563174,0.202900951763339,-0.226392169866228,-0.0172372451422194
0.0510158314925474,-0.105080973338181,-0.249240225266097,-0.282539763995214,0.0549417919520463,0.183811850147747,0.0334998761762409,-0.107209855316314,0.104470071607876,0.310804710594247,0.054740941844644,0.303301882502107,-0.10357791281738,-0.110921927801803,0.0634042376031612,-0.355953194344435,-0.288819360364682,0.293899286170307,0.178417575292362,0.0320535987468719,0.245976661616365,0.0692665833600472,-0.291251120476616,-0.175076884737776,0.124714801687567,0.0749721993896127,0.119805783718533,-0.0510806893302953,0.0573162983211936,0.0398335234078336,-0.290267977077754,0.13786366571665,0.101642780608488,0.0999919673587022,0.14540974290315,-0.127505672235292,0.0190680446782915,0.295725446299094,-0.213909616868712,-0.0922666947901581,0.0128310462068336,-0.0943578747494524,0.128608440939668,-0.143197339465866,0.103152719527956,-0.344458819714149,-0.129251986314957,0.0277202058668944,0.0803855676157632,-0.102248112246114
0.0646628073800123,-0.142985038242294,-0.0354876661353325,0.00750089329096064,-0.13278695519003,-0.202236412796133,-0.15342928078188,-0.142438999306021,0.194046008466097,0.119453401624387,-0.103952069721639,0.0224086217643612,-0.080332822789451,0.0440811707563793,-0.144640604923913,-0.0935367532846458,-0.00474836540209867,0.0822878356211276,-0.114304836643508,-0.138221373473478,-0.251703035544028,0.0383541402880734,-0.0794126897207181,0.0557691777170271,0.133147455963964,-0.0246685333433088,-0.0437249780826131,-0.118474743889647,0.00356303493879862,0.202533122374678,0.357785468528732,-0.0575279914352271,0.0238078400996368,0.0460317273406708,-0.219911637105713,0.238856026191081,-0.176028590015973,0.0736900212591648,0.0762326016405981,-0.133549396813563,-0.0282607392678491,-0.0769388214982407,-0.0915250027915155,-0.0965050348758972,-0.0395397693399721,0.121574587578266,-0.0669801509725484,-0.169961803572702,0.0448561163332584,0.207669687516491
-0.0658768481011039,-0.0172908701067217,-0.230515184106126,-0.263227456202425,0.0421479043011089,0.0538014256489597,0.157718404256532,-0.420899795142996,0.0349209660801545,0.118762509332498,-0.0158238717999969,0.181565175404791,0.103923536019212,0.149995474717978,0.10452583055863,-0.192323413834978,-0.177933981452352,0.0675986237869679,0.158439197114555,0.00935532118211706,-0.0609193715811251,-0.441312245359554,0.00549262512826836,0.0462814411780152,-0.0339838520169594,-0.0683500555652345,-0.250275329083644,0.176818292724533,-0.0623934217104532,-0.0259933075330952,0.0596779293232871,-0.116773518643272,0.0869951117460579,0.0260394331972672,0.020300496901725,0.346781899376518,-0.298682738653877,0.232167705695048,-0.0306444168704721,-0.0607346135318482,-0.0505513423490855,-0.100220086057858,-0.25631386818254,-0.18414390341951,-0.0490121037603088,0.0254216248876441,-0.226815915878623,-0.0524861036062909,0.312397824501124,-0.21476044890803
-0.0459077011639233,-0.225062784727618,-0.0885256195798276,-0.0365329238960751,-0.267856935683204,-0.288784722790281,-0.0242807386061215,-0.328463097163952,0.0229804421016192,0.245344352715507,0.0765504588680984,-0.10684210211579,0.301370045454316,-0.254053650030023,-0.0851221821344781,0.0276711126055299,0.261188560311806,0.0119102967201474,0.144212087790837,0.0423849524726935,0.0491032671831242,-0.279371091769843,0.0437500486763928,0.0600909874901529,0.234959268160298,-0.245117631813095,0.182520124018772,0.00909333720916113,-0.0368864406752019,-0.101321140867648,0.0300363429572768,-0.00421307001391251,-0.226963404282483,-0.0872960941204042,-0.0701185587130681,0.128644796467455,-0.0336578831589131,-0.00768339221365174,0.37908323532408,0.0833595277601933,-0.256280715417192,0.149829069871355,-0.340419424315893,0.122623071403321,0.122798473039965,0.0288545850633334,-0.0347952642869711,-0.108573165818957,0.0814823542828021,-0.000980161031079022
-0.421702848628495,0.0768801190829157,0.00971163047121898,0.093655284499139,0.144386377488296,-0.120831905446674,0.0929955561212912,-0.216480914665695,0.199771701521053,0.00373033918766487,0.255695000998273,-0.119299917796397,0.148365647160917,-0.216501302058288,-0.180630917046911,0.474255301131234,0.179412866558822,-0.138451107366383,0.0300517043585477,-0.11469284284249,-0.131073389286003,0.0779638326198851,0.164798006392198,0.137636711956825,0.0882904702409579,0.107275679674114,-0.0817727562990004,0.11133892157829,-0.0970026844891912,-0.443115076672025,0.00697921902092554,-0.0181258119580698,-0.274009879859634,-0.212111183493536,-0.115425498793713,-0.189308777905621,-0.112577513261287,-0.240117368109615,0.104961112860962,0.0774649351514717,-0.213343244973783,0.505989627358034,0.0586724110622986,0.210375676893822,-0.00109933750778697,-0.00265749738736234,0.0507425389499604,-0.0638975374735249,0.227556342918775,0.0687728500306758
-0.0653935907582517,-0.027596909585466,-0.0762853366873484,-3.38321521373879e-06,-0.120972710979864,-0.0829128331800761,0.147440861694989,0.104741918457009,0.0073869940228729,-0.0528029543416861,-0.206737393898564,0.0759817013665548,0.0385416465955066,-0.134948742236908,0.137988796950934,-0.184951444634035,-0.132989292279826,0.132206659779859,0.0240107110485047,-0.158120066500936,-0.145125745548738,0.0778003500516076,-0.0833832209070769,-0.0856021265089389,-0.159780644047322,0.0589832310925517,0.00681871519161474,0.0649418061531042,0.024859463067496,-0.0924277485588975,0.201325210497944,-0.0508716267904998,0.0688515743419135,0.0267009381991124,-0.0352811246322276,-0.0885334046254761,0.134613195695719,0.0371291987675908,-0.281600764742387,0.000597486235053441,0.0840561494998195,-0.0855300467247002,-0.071477222107098,0.0820683227942437,0.104380125000247,-0.139404874580343,-0.0971148792065185,0.0205610948597543,0.0274841635542178,-0.0684614573947039
0.0416417816335997,-0.214199231908125,0.029398987872972,0.185801141192504,0.0937662676508126,-0.11507931327996,-0.0438879170156728,0.10758707753285,0.0445056331020997,0.20588311581441,-0.218760970121104,-0.0698388559368482,-0.0681537802569239,-0.229642283584851,0.228325801457315,0.182224581783532,0.00329346893583783,-0.0408480543382584,0.0336618133083744,0.141203832297247,-0.15493728208009,0.0450086180458028,-0.186981962412768,-0.198823288930813,0.101270826654764,0.0911068534015868,-0.287916068865931,-0.280066773851453,0.0329096650141788,0.121765391444608,0.112417461054095,-0.0951600113844243,0.16631004225349,0.0267789286351636,-0.0946825637198316,-0.142827918074084,0.23265593527068,0.158457913922723,-0.0782676159760518,0.0384317224394387,-0.00442305924457677,-0.065930278723752,0.193411590133809,0.100767413140574,0.161479314152706,0.0198945420726109,0.291345524245587,0.0702939703257207,0.223588306572354,0.0953337129381411
-0.116947144202022,-0.212901988089352,-0.0358788273727591,0.198122448374047,-0.108360947103981,0.17478756826215,-0.179127186003225,0.10469370051969,-0.176803641472251,0.011421311128913,-0.0263217994217984,0.0744971807463,0.233931197918118,0.105134065884356,-0.00894008707647573,-0.173989431802096,-0.0214029253689129,-0.00336698640210009,0.208385284937592,0.182035890040289,0.137952124053416,-0.0724931042816104,0.0445304144374266,-0.093162657068314,-0.0775152066329533,0.0777559735264372,-0.167733174133921,-0.15347673805783,0.004546655340549,0.052201426356211,0.276148394605236,0.000288257903679096,0.172288124302721,0.0528787362501498,0.210732355266037,-0.227914508672563,0.03313795042857,-0.0120214788580377,-0.169388660829777,-0.0603986887850108,0.0226635555749503,0.0798750209548507,-0.0958970699476931,-0.116856474102699,0.018673067685698,0.124881777092187,0.0180581557498496,0.144331642354494,-0.198614939393303,0.0859116450681879
0.080401821110645,-0.0179586881893702,0.00539984206778039,0.031701324578275,0.0731065292745412,0.275256853941145,0.0299208135874141,0.10876551402677,0.192671102571265,-0.290887062026249,-0.36327751281286,-0.165627571424436,-0.00572463762504191,0.301667239143583,0.0661277460112375,0.0319117204086204,-0.0457440596442286,0.0367832008490477,0.0587260086119972,-0.13797496065822,0.0440117426839861,-0.0823695287972815,-0.126887734172019,-0.0901693729460881,-0.102961027983282,0.0740563094712717,0.208458409472193,0.123099990488047,-0.229982866607378,-0.120758588079325,0.169226575652931,-0.0951149927043989,0.0458219506653244,-0.00547284703785432,-0.0507804134801119,-0.0223058086253046,0.184378447925018,-0.0962280219714331,0.0606333782476724,-0.215451437755373,0.0211356002245848,0.0276351681378061,0.113967694105635,-0.0544816134171752,-0.145241162491713,-0.112587876694777,0.194600644790727,0.189989679703712,0.0684666548266338,0.153333066274567
-0.0559880791227276,-0.0527075401160345,0.199607849408041,-0.133157540181168,0.0987056253873721,-0.0960194310040446,0.0452546559481479,-0.217880198390769,0.0928020640200099,0.0851300015667624,0.137884827063908,0.0661263802028394,-0.112282040113353,-0.0274796326289172,0.0471021312347379,-0.0402435576387763,0.147936491915632,-0.125836265324196,-0.215085561328143,0.218908726038121,-0.067916881057285,0.184979607364964,0.0252726202038431,-0.0281796454501012,0.154685893827384,-0.0613195419358872,0.166052726633005,-0.111811232680946,-0.0376651241896087,0.0185097772774065,0.0486063356448716,0.0618425253935027,-0.029784873342254,-0.103813542532546,0.0116559044367264,-0.0988838666690511,-0.190985822893187,-0.208382943063186,0.0613288574360819,0.133332872222446,-0.0174539355716159,0.159822899160259,-0.0465660941896182,0.0701465340590468,-0.152731073754603,0.413966504503756,-0.0621473892150045,-0.00129311877723931,-0.340255492605173,0.0933122360774979
-0.220479337590704,-0.0863000106362555,0.100881320062714,0.246124721913253,0.0176463724200156,-0.0987565352204502,-0.157610587097056,0.341273433939804,0.0827730852279803,0.0540887086334894,-0.129997403090076,-0.154959631143061,0.0249768688542874,0.075976313162075,0.175163976526122,0.242168444149093,-0.179845039556919,-0.136007218781501,-0.120338050136591,0.18151526421666,-0.220785512770167,0.124888601144852,-0.0388029813613734,-0.0643084948171376,0.016108328607391,0.150671671775502,-0.0592576277664584,0.154881817933664,-0.0746633934113842,0.1340138056083,-0.198772186808627,-0.180460123399703,0.00776796746972243,-0.00744727546916025,-0.224553039049616,-0.134101519553106,0.0309015780254248,-0.414131487058168,-0.0479723628718443,-0.110355134597062,0.232571578312087,0.183304585492969,-0.183231865022401,0.20951219605503,0.100779376779457,-0.0859087706722799,0.154617131324976,-0.071728261592141,0.0755599995854523,0.013527167330612
-0.0505385043645074,-0.135365128025355,-0.25646919771422,-0.118182336744743,-0.117276646947993,-0.16865700036672,-0.00504415046558424,0.0522080133683804,-0.127575858812651,0.10092114806659,0.399295425970209,0.46383327233097,-0.334700367553641,-0.127330497443886,-0.104493025234551,-0.231593304695383,0.054611854399672,-0.0264331522862763,0.0613037965152575,0.299808976493631,0.199128948765394,-0.0553371225946689,-0.0713266621737913,0.00994404482525728,0.0537472910268771,0.0606901561337275,-0.209516979422938,-0.0239437892746967,0.407141397703251,0.0271205535468438,-0.29612991108274,0.191703038331245,0.293291600997959,-0.138450487512269,0.241950896453363,0.121909424821727,-0.0765514536238602,-0.00561718075923098,-0.00244486871913026,0.387775440585834,0.377863873150136,0.213210289434476,0.248583421515936,-0.186450046101889,0.0360366000677919,0.0298796287521208,0.252144704479281,0.0337458197728096,0.107547766952836,-0.0757339051233625
0.0208517402997513,-0.0146588033030254,0.0745924088814172,0.112912552241735,-0.0833249700065381,-0.180076083250791,-0.016415669475645,0.0282101037431061,-0.0700526316637271,0.0340176900829511,-0.330587591017873,0.086563764098692,0.12007459678727,0.0522377347066146,0.0725366857338861,-0.00785160090765843,-0.13475755153467,-0.235155801847425,-0.0266921448579566,0.0169740057466852,-0.152786861285767,-0.262797744173603,0.0640957971308541,0.194399063222432,-0.11152387776559,0.132472532954864,0.161090454663243,-0.149755326006498,0.210783049939593,-0.0929998125321755,0.135895230827223,-0.247332217546409,0.374053665839723,-0.016540335914705,0.166844401159458,0.013333250331792,0.0137135394553134,-0.0355179113304615,-0.104561734218213,-0.156581311875009,0.154017481268188,-0.0533623203654595,-0.226481266479182,0.105114949011685,0.0366572854988824,0.14005521648416,0.0663324690554066,0.0648470999522403,0.19191735172964,-0.142110562533702
0.200627864586095,0.18726398792757,0.0899744042897406,0.159348869746024,-0.115598085160134,-0.0553270521867523,-0.299560631436097,0.105020709880203,0.0200330435302126,0.196652664343939,-0.130984549408992,-0.122098842802778,0.0339507036211334,-0.117606171391619,-0.00133111137468179,-0.12057722955366,0.0968388964786992,-0.061440399336469,0.121933098600877,0.0534695093640215,-0.0419636581916323,-0.0714451685505588,-0.128145102381154,-0.240947588340479,0.1106625090773,-0.0257264212263406,0.128161328080516,-0.0518124936302674,-0.22658832668965,0.144458368257105,-0.0581255014622474,0.0253771520113449,-0.0165060643453611,0.320049968762744,0.0310931478162421,0.208630167105069,0.259290654426093,0.0894761730324196,-0.14077010412188,-0.0195647042702728,-0.108474342054145,-0.183589983406425,-0.0262148721052346,0.210648857317702,0.030302229899407,0.102518679264459,0.0113771165441837,0.0447079804799376,0.0634199571686191,0.146101897512637
-0.0491401853449658,-0.231813143640985,-0.0469952286231662,-0.0252044430745409,-0.091853467804578,-0.030756553693307,0.093950862394583,0.0118349671575649,-0.266723926056288,-0.119822333283119,0.0482312149532655,0.0233226584533167,-0.191953152788327,-0.0185378611076857,-0.0035124824530716,-0.247339318506281,-0.0437229429214146,0.00357479546061632,-0.0551549346761692,0.137197652613427,0.00354586878800459,0.258862473471239,-0.032044148216971,0.0348439573372334,-0.0202360596208696,0.000990065537397916,-0.0882626076513016,-0.061316550673315,0.11276929411418,0.173289653854874,0.0258210550977137,-0.0641166002453986,0.0620766463507974,0.0639496516039729,-0.135754258769986,0.158124686053953,-0.0758389963858037,-0.085318028734565,0.103772253075699,0.0758603481193877,-0.0223260887359438,-0.10239078620089,0.139774209234404,-0.0400631340085722,0.318630066775878,-0.126734762430546,-0.109261783554058,0.153922873901209,-0.0721424168947687,0.131877930955731
-0.0418228172322492,0.158338869318215,-0.0485662704062294,-0.0071910567500358,0.118101072576811,-0.158756974594533,-0.0580807155277655,-0.0924819880748618,-0.15546981447833,-0.0810024828319103,0.120852932449312,0.0650846825980456,-0.0502849391860877,0.194673842386608,-0.0290932493549067,0.200448082715058,0.0813640309091383,-0.0147658560167023,0.0322100017421125,-0.208055237897783,-0.0377349471981615,0.233797985752267,0.0597168081708616,-0.0281627669021788,-0.0200615667816456,0.00792585936561822,0.0341121853033555,-0.0918139369029957,0.0194058035816875,-0.0137942689390777,-0.0600182770890247,0.143164437514539,-0.138232123924457,0.176479111389806,0.0131539419861477,-0.00218913379942176,-0.323890227724456,-0.00129224828079427,0.00282147168963436,0.148567478253736,-0.0485535321580439,0.0826001169490582,0.0479592897654598,0.00612250603383179,-0.155679429456846,0.252112140623016,0.0850202360107763,-0.0171584939578606,0.0974451375632505,0.116041992005674
2.69822130330064e-05,-0.0734328909991534,0.388239964920205,-0.204478384274979,0.0207922697853042,0.0945238682585644,-0.0220283289761079,-0.152443010872363,-0.188559285094259,-0.101620265162425,0.0841972213686849,-0.18640853552887,-0.372109812922592,0.0980480444707332,-0.000789148851312892,0.169260920794454,0.116214851397716,0.153737609714074,-0.198051544292834,0.128718069842212,0.0765735781746964,0.0231170006473421,0.0330269414880652,0.0251556826401932,0.0651131910579841,0.202320029470064,0.129168074007721,-0.149701150205744,0.0313382959269046,0.172208155615534,-0.0633941974977739,0.178786790545226,0.0547231107322105,-0.33211335792144,0.325043353276189,-0.0880307926494985,0.0388727761925488,-0.265005434486926,-0.0783064624683529,0.156931608068684,0.00308625686165785,0.0702394116193492,-0.00520983224282204,-0.194079212539736,-0.0842394243924781,0.312634631887786,0.011433132377668,-0.052305441709602,-0.343580665873511,-0.0240218170359697
0.154456432170132,-0.269846707521188,-0.174178520746204,-0.108133913803502,0.122073946596543,0.140485193601602,0.136010294047931,-0.247295044961283,-0.314648777882723,-0.114334682206357,-0.109746340428467,0.155453449593791,-0.192720472051433,0.0962509344983676,-0.000744676862635581,0.0211405181488628,-0.109187829832317,0.144434936807568,-0.0121360916766899,0.0425486792215557,0.0335265980537379,0.126648360546899,0.102475176746047,0.15130817008376,-0.0463130395102913,0.0673110378660343,-0.167106350728075,0.0736804000077473,0.110816590562197,0.179374629690534,-0.264585868604761,-0.0565523034266135,0.465476326927845,0.0756818461379428,0.0386677135463241,0.0782832166831182,0.0428255040050434,0.179781979224191,0.0210098976426503,-0.042539536134332,0.0180777997395449,-0.241116292784242,0.218887513985833,0.0411792803314194,0.0697191327581894,0.0392929826133655,0.0242798001933118,-0.167683524550663,0.254587802630533,0.0764896763378884
0.0472401153399447,0.0958762448839697,-0.0982734250988672,0.15222857398982,0.0557773794968126,-0.0933266395530975,-0.02029955303942,0.159842771152939,-0.0152774301625655,-0.0466238957543153,-0.156923793665494,0.110604108321205,0.340472777820606,0.233625578875399,0.00719764325744129,0.0615646235168554,-0.343419999984809,0.158690451923754,0.0718719638817314,0.000730748236892897,0.022728933897919,-0.0391920818791753,0.121728148019767,-0.0407059248436022,-0.203386907965773,-0.0468576987148818,-0.220006103282531,0.197710200719954,-0.231618743627615,0.0192954921101693,-0.0374468008523542,-0.110307569688866,0.0138321415439288,0.115676549032602,0.0316466510459893,0.176160579879394,-0.0115995865238904,0.343720691197228,-0.286995107974777,-0.174083730614339,0.0567545354949209,-0.306223481122128,-0.298426101548654,-0.0569254074380391,-0.0478748883252784,-0.124178109386349,-0.117491945433998,-0.203545689950834,0.0189620014381523,-0.152521342836721
-0.0806909975979201,-0.185746170752809,-0.011834490683163,-0.0297790256369761,0.286312143760695,-0.129502842559373,-0.0379284768982218,-0.0791320485477224,0.357383631688704,0.124687992553901,0.225036451152552,-0.117166687353197,-0.318512978539319,-0.391473453036557,0.154918237804687,0.0314548968438421,0.451088656212499,0.121203550206807,-0.0473001327984265,-0.0182441325777318,-0.0239832770798739,0.0723724585382007,-0.0450082665179672,-0.0230355674539428,0.111551226292732,0.144156880307653,-0.0017487425726779,0.0421872764717531,-0.145514538540155,0.155053768682418,-0.0235643649969575,-0.0310109468369344,-0.190966380187597,0.0179226359798946,-0.00622913675964178,0.0293011814281452,0.0582559117027668,-0.044808350101588,0.172759614483416,0.20021986871884,-0.0280055745345474,0.201227952760789,0.117754948093497,-0.0331111222511932,0.218418100627083,-0.060341558073543,0.00940741005735836,-0.002139856159899,0.0439775034149168,0.0710399197594546
-0.0363530590954817,-0.140886421468111,-0.0156744255542731,0.01431412191595,-0.103983190530905,-0.133554703008758,-0.0203232753624041,0.166118233683266,-0.0601289352442278,0.0630714833359614,-0.263140285520631,-0.0244535742781541,0.171282131945358,0.0591077375615021,0.150351121909117,-0.130075616004237,-0.0670901046111212,-0.099443911153,-0.00895599967469762,-0.0306623147253222,0.0706558611887383,0.135197108145414,-0.186174774528957,0.0361713425401569,0.141403082386213,-0.0108806877409803,0.246689902574479,-0.120463096370521,-0.116227882361924,0.214171199928705,0.2318134209206,0.147314272116588,-0.119160385599278,-0.102836487536808,-0.0827866475176282,0.0368042109194684,0.0913388876658589,-0.000484242802398631,0.0606281557477529,-0.0876726416165558,0.00214566830395385,-0.00749861207229035,0.0392255694832397,0.078458528776842,0.139132283904843,-0.0801391632817044,0.000828017829928564,0.107676331035731,-0.0793881884364572,-0.0181094534073697
-0.00260422392737877,0.152212925452946,-0.0639592509140067,0.0864985986645455,-0.00691551919404762,0.163969463416849,-0.0284798578726261,0.0046272360019937,0.0366702307000218,-0.162772587679432,0.0712092643513247,0.112719751465316,0.2624784097244,0.0741095224750016,-0.0755620194000915,0.0213038206295772,-0.0872773952153835,-0.0461107239670467,-0.013784485724977,-0.0711916629171835,-0.111492691216928,0.148561828490567,-0.0896775799117904,0.0167001408938627,-0.0951915541786794,0.071856837420108,-0.108665764880729,0.0526882647609257,-0.0376095601334579,-0.156060179460912,0.0931077925343524,-0.05706370269846,0.191488043542139,-0.0423389705817942,-0.0309553474138106,-0.0792524469121606,-0.146481152302811,-0.209771549938244,-0.13477083081005,-0.0297790152953097,-0.0755462755473646,0.0446145221060726,0.0197624579054967,0.0643766084803942,-0.20839144604064,0.0532573822905191,-0.163460452600635,0.0961690349696868,-0.120941585878709,0.097526053292925
0.221003652949748,0.384781603761526,-0.127061487596896,0.0508751395807219,-0.047168926115755,0.0957468151191038,-0.212724522483014,0.0898936760911854,-0.327907026391796,0.0148739964260639,0.102940270588203,0.13793043402346,0.0252757730865426,0.280194334536566,0.072644402304508,-0.149169275364909,-0.317936250857948,0.0688989390901124,-0.0101044947259278,0.0192258615304705,-0.0551466796602585,-0.221171791716197,-0.0465937992153416,-0.199476600033633,0.000909768493951686,-0.00580152591639837,0.0546638318906267,0.00198471620558151,0.158449355396496,-0.107012339476297,0.00531225283579904,0.065474237984561,0.224192535498952,0.187570483801349,0.173555664900459,0.270227137200773,0.0311993034199368,0.424210531593311,-0.0349354125642398,0.0866259783350972,0.0888796994200183,-0.0781289557719939,-0.00748927530574275,-0.306971146384743,-0.274647557720664,0.230640984615018,-0.0534898463699851,0.00472374073255169,0.146719863542783,-0.1506523099511
-0.014921513532571,-0.0724310762577083,-0.126843189881018,0.0755444210159763,0.0876341475872984,-0.0141395525997616,0.0105354695134536,-0.0414379068540595,0.17977983002259,-0.0476820756603541,0.168577947295151,-0.0801823799338298,0.00736095214727279,-0.013819079973402,-0.214706370292552,0.283719847446356,0.122227637899853,-0.0362535042525831,-0.0842862178207747,-0.0877878013330934,0.182250318536427,-0.365752813860202,0.0469342972083093,0.285952912862979,0.0090730409116974,-0.0665464248225119,-0.135880432370249,-0.00467858210363287,-0.0595996228056181,-0.0174742771960812,-0.103160452116251,-0.136877964303131,0.157195532772745,0.170580112283361,0.119787386993089,0.215070088771876,0.207499184165181,0.0317038300476737,0.0975741879313462,-0.15087715600226,0.271905711032419,0.223746185117028,-0.0701031149156522,0.0529341506868265,0.221216609832175,-0.0550844228290259,0.0753678840692159,-0.0141371172798196,0.277652622797965,-0.203381993375932
0.183977320919556,0.0730074098328366,-0.113386724700132,-0.0848405983293021,0.121503202027144,0.0461169252774905,-0.154657596334945,-0.0550139644800084,-0.120495264519424,-0.115019962342343,-0.116377217965803,0.0773295599874596,0.109870579578135,0.124722482454178,-0.118326319664424,-0.101659930571045,0.0122705862839365,0.067195910050402,0.0877082236080424,0.0180892870295977,-0.07380027010804,0.069482169121819,-0.10713319463191,-0.0994891684534696,-0.142330229740264,-0.138228609533587,0.149272138492677,0.201085092545311,0.0805424044923223,0.0617306538096127,-0.119401031655888,0.167353021936667,-0.043790759591507,0.0954228111119694,0.188479344385176,0.129508632091196,0.0802239832125185,0.135296795217352,-0.0321240250470042,0.077138721654331,0.172686308760457,-0.153316114602364,0.0878394354668621,-0.0400253884171022,-0.070844357083557,0.0186174230503308,0.114082434010422,0.0155617560065986,-0.0617677360189798,-0.0754948920560451
0.0108785145607177,0.185183275159281,0.0296973079362688,0.029783156247257,-0.0515508146651693,0.0232992512562344,-0.0799773721544729,0.00424350519345072,0.0567590293330095,0.0219946761452203,0.0144766554567426,-0.0877932802938576,0.122210241115673,0.112709914414268,0.0105074428631609,0.0367517050388715,-0.175439936797805,0.0780159360216839,-0.101185605236394,0.045149740414906,-0.148899338078631,-0.0875382372215364,-0.0163874685983317,-0.0174674882527429,-0.164204220427012,-0.0583793596123428,0.155769635285701,-0.0842382796252601,0.0276079002440024,-0.214408922940029,0.130927043660117,0.141586005902192,-0.314205598173559,0.0851483736298173,-0.0286109465240526,-0.135348901342857,-0.0745189496274008,0.0400799282356092,-0.139985333000743,-0.119762031523222,-0.10890168608776,0.201569701220433,-0.0915064381889125,0.0196645473613397,-0.116850477619962,-0.0605352280310534,-0.00421864687673405,0.163572032035246,0.0640459321500741,-0.0625675116466217
0.242840955946407,0.398066103849626,-0.044728848850872,-0.0682529471481436,-0.133996873390449,0.116993406571826,0.0246787184186436,0.109433657088014,-0.109741014939088,-0.0996563249446244,-0.177641786796781,-0.0844315912138163,0.0209512753505664,0.309947319696493,0.0206883255246656,-0.0487911855621358,-0.166524260250337,0.176277175396062,-0.0342465386937785,0.114969243443895,0.0446032203984838,-0.0618777958987294,0.0526433541668008,-0.164452810961293,-0.145707931393133,0.0615847723177296,0.0900782575324152,0.0427127681666433,0.0432163744585962,0.247466843004292,0.119732312811809,-0.075968422636755,0.0486854090918104,0.0441847860218252,0.17842152167699,-0.0119089199067586,0.104296807222508,0.130437031742682,-0.075642206596713,-0.0775652547453485,0.0447838850330254,0.00256242710309606,-0.427096944183091,-0.0138961922699517,-0.255700339266026,0.108701826609828,-0.272365331433479,0.124799884190028,-0.156950918111545,-0.119475939099458
-0.0320529702090296,-0.184516739441133,0.00641925864787125,0.0807145100126209,0.0951322628489463,-0.0690758991217436,-0.219764639318952,0.0666180136753544,0.00723994292100525,0.269364484142822,-0.143435472504859,0.184322837263013,-0.0264872038631102,-0.114234436029815,-0.121656827095243,-0.156557946917596,-0.0678317695862577,-0.132622532442214,-0.180829452590898,0.127737944582181,-0.0475338643709127,-0.110270472403558,-0.0387445575426596,-0.258251870951506,0.0330391067173869,-0.241841372150783,0.0564591118581548,-0.0824087293489559,0.0202226008040585,-0.0416954939612541,0.0285799103710319,-0.0444783267088582,-0.0542821747837638,0.055364578934968,0.0737415135289474,0.103553288646691,0.0362800056657843,0.120370933158794,-0.0401716526216603,-0.0732490556640461,-0.012895832778498,-0.211847777606142,-0.0352800538554983,0.274672433964318,0.137539635306653,0.129432199326261,-0.0741142615951761,-0.0223931283633458,-0.084153942353544,-0.0457333576259309
-0.184629373191072,0.0836698471065088,0.0671645049943514,0.0133365548635532,0.0132952715085548,-0.0334602248540973,0.0477325931348167,-0.383558199173466,-0.186686191070414,0.340731300420244,0.122105802622584,-0.081107419083106,0.0879242726290184,-0.0317926876583934,-0.00839791256254172,-0.00244808527461976,-0.147514746236744,-0.000465380720968499,-0.268698785005173,0.159797709802372,-0.109263274216299,-0.0341552360942874,0.00849111959704109,-0.0833098795239098,0.244108983538364,-0.170432790693076,-0.0448815038732498,-0.163996018222366,-0.125113048590112,0.256147210766414,-0.124759933678781,-0.204298966523146,-0.00934048268678022,-0.1299917213615,0.122367314237757,-0.10044067629445,-0.0439644078811713,-0.106145721606921,-0.0235368571779264,0.064023178503716,-0.486267181862813,0.102046292858467,-0.161213428847081,-0.0247013207261381,0.0247731255288157,-0.0779030306356108,-0.139166097883355,-0.00321266790912873,-0.100952169787952,-0.130336149137708
